0 
1000 Slow Walk
1010 Normal Walk
1020 Running/Torrent Dash
1030 Roll
1040 
1050 
1060 
1070 
1080 
1090 
1500 
1501 
1510 
1520 
1530 
1531 
2000 Attack Appear
2010 Weapon Hit
2020 Spell Hit
2030 Spell Hit
2090 Shattershard Arrow Hit
2100 Attack Hit
2110 
2120 
2130 
2200 Arrow Hit
2210 
3000 
3010 
3020 
3030 
3100 
4000 
4010 
4020 
4050 
4100 
4130 
4131 
4132 
4133 
4134 
4135 
4136 
4200 
4201 
4300 
4310 
5000 
6100 
6200 
6201 
6202 
6203 
6300 
6301 
6320 
6321 
6390 
6391 
6400 
6410 
6500 
6600 
6610 
7000 
8000 
203000 
203100 
212000 
212001 
212002 
212003 
212004 
212005 
212006 
212007 
212008 
212009 
212010 
212011 
212012 
212013 
212014 
212015 
212016 
212017 
212018 
212019 
212020 
212021 
212022 
212023 
212024 
212025 
212026 
212027 
212028 
212029 
212030 
212031 
212032 
212033 
212034 
212035 
212036 
212037 
212038 
212039 
307000 
307001 
307002 
337000 
337001 
356000 
357000 
357001 
365000 
366000 
366100 
366110 
367000 
367001 
367002 
375000 
385000 
395000 
397000 
407000 
418000 
420100 
420101 
420102 
430000 
430001 
430002 
430003 
430004 
430005 
431000 
431001 
431002 
432100 
432101 
432102 
434000 
438300 
438301 
438302 
452000 
452001 
452002 
452003 
452004 
455000 
456000 
462000 
462001 
462010 
462011 
462020 
462021 
462030 
462031 
463000 
467000 
477000 
495000 
496000 
502000 
502001 
502002 
506100 
508000 
508001 
511000 
531000 
532000 
545000 
603000 
603070 
603370 
603670 
603950 
603970 
604070 
604100 
604300 
604310 
604370 
604383 
604550 
604560 
607000 
700000 
900000 
900200 
900300 
900400 
900500 
900600 
900700 
900800 
999900 
999901 
999902 
999903 
999904 
999910 
999911 
999912 
999913 
999914 
999990001 
999990002 
999999999 
