0 
10 
1000 
1001 
1002 
1010 
1011 
1012 
1013 
1014 
1015 
1016 
1020 
1030 
1040 
1041 
1042 
10000 Standard
10005 
10013 
10100 Arcane - Split Scaling
12000 
12005 
12013 
13000 
15000 
20000 
20010 
20020 
20030 
30000 
30010 
30020 
30030 
30040 
40000 
42060 
42070 
42080 
42300 
42310 
42311 
50000 
50001 
50002 
50003 
50004 
50005 
50006 
50007 
50008 
50009 
50010 
50101 
50102 
50103 
50104 
50105 
50106 
50107 
50108 
50109 
50110 
51000 
51010 
51020 
51030 
51040 
51050 
51060 
51070 
51080 
51090 
51100 
51110 
51120 
52000 
200300 
200301 
200302 
200320 
200321 
200330 
200340 
200350 
200351 
200360 
200370 
200400 
200420 
200430 
200440 
200460 
200470 
200480 
200490 
200510 
200600 
200640 
200650 
200660 
200661 
200670 
201700 
201710 
201720 
201730 
201740 
201750 
201760 
201830 
201831 
201840 
201841 
203000 
203010 
203011 
203020 
203030 
203050 
203051 
203060 
203070 
203080 
203510 
203580 
203610 
10010000 
10010010 
10010020 
10010030 
10041000 
10061700 
10062600 
10062700 
10063200 
10063210 
10063400 
10071100 
10071200 
10081700 
10081900 
10091100 
10091600 
10091800 
10091814 
10091815 
10092200 
10101600 
10110300 
10110310 
10131000 
10131100 
10131200 
10141300 
10160400 
10160410 
10160420 
20000000 
20010000 
20010100 
20010101 
20010102 
20010103 
20010104 
20010105 
20010200 
20010300 
20010301 
20010302 
20010400 
20010500 
20010600 
20010601 
20010700 
20050000 
20050010 
20050020 
20200620 
20200680 
20201700 
20202031 
20203001 
20203190 
