0 
10 
20 
30 
40 
100010 
100020 
300010 
300011 
300020 
300030 
300031 
300040 
320000 
320001 
320002 
320003 
320004 
320005 
320006 
320007 
320008 
320009 
320010 
360000 
400000 
400010 
400011 
400012 
400020 
400040 
400050 
400060 
400070 
400080 
400090 
400100 
400110 
400130 
401000 
401010 
401020 
401021 
401030 
401040 
421500 
421501 
421502 
430700 
431800 
433000 
435500 
435505 
436610 
436611 
436612 
436613 
436620 
436621 
436622 
436623 
438000 
439500 
440200 
440400 
440401 
440402 
441300 
441301 
441908 
441909 
441910 
442200 
442201 
442202 
442203 
442204 
442600 
442601 
442701 
442800 
442801 
442802 
443001 
443200 
443400 
443800 
443801 
443802 
443803 
443810 
443812 
443850 
445000 
445002 
445004 
445006 
445100 
445101 
445700 
445800 
446000 
446400 
446600 
446601 
446602 
447500 
447501 
447502 
447600 
447601 
447602 
447603 
447604 
447605 
447606 
448000 
448100 
449000 
449001 
449100 
451200 
451201 
451300 
451301 
451700 
451701 
452000 
452100 
452600 
455000 
459000 
471000 
471001 
471002 
471003 
610001 
610002 
610003 
610004 
611520 
611521 
611522 
611523 
611524 
611701 
613001 
619000 
619001 
619002 
619003 
619004 
619005 
619006 
619007 
619008 
619010 
619011 
619012 
660520 
810001 
810101 
811201 
811211 
820001 
820101 
821200 
821201 
821210 
821211 
821220 
821221 
100300020 
100320000 
100320001 
100320002 
100320003 
100320004 
100320005 
100320006 
100320007 
100320008 
100320009 
100320010 
100360000 
100400010 
100400011 
100400012 
100435505 
100800001 
100801001 
100812001 
100812011 
100820001 
100820101 
100821200 
100821201 
100821210 
100821211 
100821220 
100821221 
300003101 
300003111 
300003121 
300005101 
300005111 
300005121 
300013101 
300013111 
300013121 
300021101 
300021111 
300021121 
300043100 
300043101 
300043102 
300043103 
300043104 
300043105 
300043106 
300043111 
300043121 
300044101 
300044111 
300044121 
300045101 
300045111 
300045121 
600101000 
600101001 
600101002 
600101003 
600101004 
600101100 
600101101 
600101102 
600101103 
600101104 
600109000 
600109001 
600109002 
600109003 
600109004 
600109100 
600109101 
600109102 
600109103 
600109104 
600110000 
600110001 
600110002 
600110003 
600110004 
600110100 
600110101 
600110102 
600110103 
600110104 
600111000 
600111001 
600111002 
600111003 
600111004 
600111100 
600111101 
600111102 
600111103 
600111104 
600118000 
600118001 
600118002 
600118003 
600118004 
600118100 
600118101 
600118102 
600118103 
600118104 
600119000 
600119001 
600119002 
600119003 
600119004 
600119100 
600119101 
600119102 
600119103 
600119104 
600120000 
600120001 
600120002 
600120003 
600120004 
600120100 
600120101 
600120102 
600120103 
600120104 
600121000 
600121001 
600121002 
600121003 
600121004 
600121100 
600121101 
600121102 
600121103 
600121104 
600126000 
600126001 
600126002 
600126003 
600126004 
600126100 
600126101 
600126102 
600126103 
600126104 
600145000 
600145001 
600145002 
600145003 
600145004 
600145100 
600145101 
600145102 
600145103 
600145104 
600146000 
600146001 
600146002 
600146003 
600146004 
600146100 
600146101 
600146102 
600146103 
600146104 
600147000 
600147001 
600147002 
600147003 
600147004 
600147100 
600147101 
600147102 
600147103 
600147104 
600148000 
600148001 
600148002 
600148003 
600148004 
600148100 
600148101 
600148102 
600148103 
600148104 
600169000 
600169001 
600169002 
600169003 
600169004 
600169100 
600169101 
600169102 
600169103 
600169104 
600170000 
600170001 
600170002 
600170003 
600170004 
600170100 
600170101 
600170102 
600170103 
600170104 
600171000 
600171001 
600171002 
600171003 
600171004 
600171100 
600171101 
600171102 
600171103 
600171104 
600172000 
600172001 
600172002 
600172003 
600172004 
600172100 
600172101 
600172102 
600172103 
600172104 
600173000 
600173001 
600173002 
600173003 
600173004 
600173100 
600173101 
600173102 
600173103 
600173104 
601109000 
601109001 
601109002 
601109003 
601109004 
601109100 
601109101 
601109102 
601109103 
601109104 
700109000 
700109001 
700109002 
700109003 
700109004 
700109100 
700109101 
700109102 
700109103 
700109104 
700110000 
700110001 
700110002 
700110003 
700110004 
700110100 
700110101 
700110102 
700110103 
700110104 
700111000 
700111001 
700111002 
700111003 
700111004 
700111100 
700111101 
700111102 
700111103 
700111104 
700170000 
700170001 
700170002 
700170003 
700170004 
700170100 
700170101 
700170102 
700170103 
700170104 
700171000 
700171001 
700171002 
700171003 
700171004 
700171100 
700171101 
700171102 
700171103 
700171104 
700172000 
700172001 
700172002 
700172003 
700172004 
700172100 
700172101 
700172102 
700172103 
700172104 
700173000 
700173001 
700173002 
700173003 
700173004 
700173100 
700173101 
700173102 
700173103 
700173104 
