0 
1 
2 
3 
4 
5 
6 
7 
8 
9 
10 
11 
12 
13 
14 
15 
16 
17 
18 
19 
20 
21 
22 
23 
24 
25 
26 
27 
28 
29 
30 
31 
32 
33 
34 
35 
36 
37 
38 
39 
40 
41 
42 
43 
44 
45 
46 
47 
48 
49 
50 
51 
52 
53 
54 
55 
56 
57 
58 
59 
60 
61 
62 
63 
64 
65 
66 
67 
68 
69 
70 
71 
72 
73 
74 
75 
76 
77 
78 
79 
80 
81 
82 
83 
84 
85 
86 
87 
88 
89 
90 
100 
101 
102 
103 
104 
105 
106 
107 
108 
109 
110 
111 
112 
113 
114 
115 
116 
117 
118 
119 
120 
121 
122 
123 
124 
125 
126 
127 
128 
129 
130 
131 
132 
133 
134 
135 
136 
137 
138 
139 
140 
141 
142 
143 
144 
145 
146 
147 
148 
150 
151 
200 
201 
202 
203 
209 
210 
211 
212 
213 
214 
220 
250 
300 
301 
302 
303 
304 
305 
310 
311 
312 
313 
314 
315 
316 
400 
500 
501 
700 
800 
801 
802 
803 
804 
805 
840 
841 
845 
850 
851 
852 
855 
856 
860 
861 
862 
865 
866 
867 
868 
869 
898 
899 
993 
994 
995 
996 
997 
998 
999 
1000 
1001 
1100 
2004 
2006 
2008 
2010 
2014 
2030 
2044 
2045 
2046 
2048 
2050 
2051 
2052 
2053 
2054 
2060 
2068 
2090 
2104 
2106 
2108 
2110 
2114 
2130 
2145 
2146 
2148 
2150 
2151 
2152 
2160 
2210 
2304 
2306 
2308 
2310 
2314 
2330 
2402 
2403 
2404 
2406 
2408 
2410 
2414 
2430 
2504 
2506 
2508 
2510 
2514 
2530 
2544 
2548 
2554 
2580 
2584 
2604 
2606 
2607 
2608 
2610 
2614 
2630 
2644 
2800 
2801 
2848 
2850 
2851 
2852 
2854 
2855 
2860 
2900 
2901 
2902 
2905 
2910 
2911 
2912 
2920 
2921 
2922 
2923 
2924 
2925 
2930 
2940 
3000 
3148 
3150 
3151 
3152 
3154 
3155 
3160 
9945 
9995 
9998 
9999 
10000 
10001 
10010 
10011 
10020 
10021 
20000 
20001 
20002 
20003 
30000 
40000 
40001 
40010 
40011 
40020 
40021 
40030 
40031 
40060 
41060 
42000 
42010 
45200 
45201 
45204 
45205 
45400 
45401 
45404 
45405 
45800 
45801 
45804 
45805 
45810 
45811 
47000 
47001 
47002 
47003 
47004 
47005 
47006 
47007 
47010 
47011 
47012 
47013 
47020 
47021 
47022 
47023 
47030 
47031 
47040 
47801 
47850 
49001 
49002 
49003 
49004 
49005 
49006 
49007 
49008 
49009 
49010 
49200 
49800 
49820 
49821 
49822 
49825 
49840 
49845 
49846 
99998 
99999 
