0 
981001 
981002 
981003 
981004 
981005 
981010 
981011 
982001 
999902 
1000000 
1000001 
1000002 
1000003 
1000004 
1000005 
1000006 
1000007 
1000008 
1000009 
1000011 
1000012 
1000013 
1000090 
1000091 
1001000 
1001001 
1001002 
1001003 
1001090 
1100000 
1100001 
1100002 
1100010 
1100011 
1100012 
1100013 
1100014 
1100015 
1100016 
1100017 
1100018 
1100019 
1100021 
1100090 
1100091 
1100092 
1105000 
1105001 
1105002 
1105010 
1105011 
1105012 
1105013 
1105014 
1105020 
1105090 
1105091 
1105092 
1105093 
1110000 
1201000 
1201001 
1201002 
1201003 
1201011 
1201012 
1201013 
1201014 
1201015 
1201016 
1201017 
1202000 
1202001 
1202002 
1202003 
1202004 
1202005 
1202006 
1202007 
1202011 
1202012 
1202013 
1202020 
1202032 
1202033 
1202034 
1203000 
1203001 
1203002 
1203003 
1203004 
1203005 
1204000 
1204001 
1205000 
1205001 
1205002 
1205003 
1205004 
1205005 
1205006 
1205007 
1205090 
1207021 
1207022 
1207023 
1207024 
1207025 
1207026 
1207031 
1208000 
1208001 
1209000 
1209001 
1300000 
1300001 
1300002 
1300003 
1300004 
1300005 
1300006 
1300010 
1300011 
1300012 
1300013 
1300014 
1300015 
1300016 
1300017 
1300018 
1300019 
1300020 
1300021 
1300090 
1400000 
1400001 
1400002 
1400003 
1400010 
1400011 
1400012 
1400013 
1400014 
1400015 
1400016 
1400090 
1500000 
1500001 
1500002 
1500003 
1500004 
1500005 
1500010 
1500011 
1500012 
1500090 
1600000 
1600001 
1600002 
1600003 
1600004 
1600005 
1600006 
1600010 
1600011 
1600012 
1600013 
1600014 
1600015 
1600016 
1600017 
1600020 
1600021 
1600022 
1600023 
1600024 
1600025 
1800000 
1800001 
1800002 
1800010 
1800090 
1900000 
1900001 
2000000 
2000001 
2000002 
2000003 
2000011 
2000012 
2000090 
2001000 
2001001 
2001002 
2001003 
2001004 
2001005 
2001006 
2001007 
2001090 
2100000 
2100001 
2100010 
2100011 
2100012 
2100013 
2100014 
2100015 
2101000 
2101001 
2101002 
2101003 
2101004 
2101005 
2101006 
2101010 
2101011 
2101012 
2101013 
2102000 
2102001 
2102002 
2200000 
2200001 
2200002 
2200003 
2200004 
2200090 
2500000 
2500001 
3000000 
3000001 
3001000 
3001001 
3002000 
3002001 
3003000 
3003001 
3004000 
3004001 
3005000 
3005001 
3005010 
3006000 
3006001 
3007000 
3007001 
3008000 
3008001 
3008002 
3008003 
3009000 
3009001 
3009002 
3009003 
3009004 
3010000 
3010001 
3010002 
3010003 
3011000 
3011001 
3012000 
3012001 
3013000 
3013001 
3013090 
3013091 
3014000 
3014001 
3015000 
3015001 
3016000 
3016001 
3016002 
3016003 
3017000 
3017001 
3017002 
3017003 
3017004 
3017005 
3018000 
3018001 
3018002 
3018003 
3018004 
3019000 
3019001 
3020000 
3020001 
3020002 
3020003 
3020004 
3100000 
3100001 
3101000 
3101001 
3102000 
3102001 
3103000 
3103001 
3104000 
3104001 
3105000 
3105001 
3105002 
3105003 
3105090 
3106000 
3106001 
3106002 
3106090 
3107000 
3107001 
3107002 
3107003 
3107004 
3109000 
3109001 
3110000 
3110001 
3110002 
3111000 
3111001 
3111002 
3112000 
3112001 
3112002 
3112003 
3115000 
3115001 
3115090 
3117000 
3117001 
3117002 
3117003 
3117004 
3118000 
3118001 
3119000 
3119001 
3119010 
3120000 
3120001 
3120002 
3121000 
3121001 
3121002 
3121090 
3122000 
3122001 
3200000 
3200001 
3201000 
3201001 
3202000 
3202001 
3204000 
3204001 
3205000 
3205001 
3207000 
3207001 
3207002 
3207003 
3207090 
3208000 
3208001 
3211000 
3211001 
3211002 
3410000 
3410001 
3410002 
3410003 
3410004 
3410090 
3411000 
3411001 
3411002 
3411003 
3411004 
3411005 
3411006 
3411007 
3411090 
3412000 
3412001 
3412002 
3412003 
3412010 
3412011 
3412012 
3412013 
3412090 
3413003 
3413010 
3413011 
3413012 
3413013 
3413090 
3413091 
3414000 
3414001 
3414002 
3414010 
3414011 
3414012 
3414013 
3414014 
3415090 
3500000 
3500001 
3500002 
3500003 
3500004 
3500005 
3500006 
3500007 
3500008 
3500009 
3500010 
3500011 
3500090 
3500091 
3500092 
3920000 
3920001 
3920002 
3920003 
3920004 
4000000 
4000001 
4000002 
4001000 
4001001 
4001002 
4002000 
4002001 
4002002 
4002003 
4002004 
4100000 
4100001 
4100002 
4100003 
4100004 
4100005 
4101000 
4101001 
4101002 
4101003 
4101004 
4101005 
4102000 
4102001 
4102002 
4102003 
4102004 
4200090 
4201090 
4202090 
4203090 
4300000 
4300001 
4300002 
4301000 
4301001 
4301002 
4301003 
4301090 
4500000 
4501000 
4502000 
6000000 
6100000 
6100001 
6100002 
6100003 
6100004 
6100010 
6100090 
6101000 
6101010 
6101090 
6102000 
6102001 
6102002 
6102020 
6200000 
6200001 
6200002 
6200003 
6200004 
6200005 
6200006 
6200007 
6200008 
6200010 
6200020 
6200090 
6201000 
6202000 
6300000 
6300001 
6300002 
6300003 
6300004 
6300005 
6300010 
6300020 
6300030 
6300040 
6301000 
6301090 
6302000 
6302001 
6302002 
6400000 
6400001 
6400002 
6400003 
6400010 
6400020 
6400030 
6400040 
6400090 
6400091 
6401000 
6402000 
6402001 
6500000 
6500001 
6500010 
6500090 
6501000 
6501001 
6501002 
6501003 
6501010 
6502000 
6502010 
6503000 
6800000 
6800010 
6800090 
6810000 
6810001 
6810090 
6820000 
6820010 
6820090 
6830000 
6830001 
6830002 
6830010 
6830090 
6840000 
6841000 
6850000 
6850001 
6850010 
6860000 
6860001 
6860002 
6860003 
6860004 
6860010 
6900000 
6900010 
6901000 
6901001 
6901010 
6901090 
6902000 
6902010 
6903000 
6903010 
6903090 
6920000 
6920090 
6930000 
6930090 
6940000 
6940001 
6940002 
6940090 
6941000 
6941001 
6941010 
6941090 
