0 
101000 
101001 
102000 
102010 
102020 
103000 
103010 
103020 
104000 
105000 
106100 
106101 
106110 
106120 
107000 
107001 
107002 
108000 
108010 
108100 
108110 
109000 Enemy: Fade After Death (Boss)
109010 Enemy: Fade After Death
1200000 
1200010 
1200020 
1200030 
10000000 
10000010 
10000020 
20410000 
20410010 
20410020 
20410030 
21200000 
21200010 
21400000 
21400010 
21400020 
21400030 
21400040 
21400050 
21500000 
21500010 
21500020 
22700000 
22700010 
22700020 
30000000 
30000010 
30000020 
30000030 
30000040 
30000050 
30000060 
30000070 
30000080 
30000090 
30000100 
30000110 
30100000 
30100010 
30700000 
30700010 
30700020 
30701000 
30800000 
30800200 
30800210 
30801000 
31500000 
31501000 
31700000 
31700010 
31700020 
31800000 
31800010 
31810000 
31810010 
31810020 
32510000 
32510010 
33200000 
33200010 
33200020 
33200030 
33200040 
33300000 
33300010 
33300020 
33600000 
33600010 
33600020 
33700000 
33700010 
34700000 
34700010 
34700020 
34700030 
35000000 
35000010 
35000020 
35000030 
35000040 
35100000 
35100010 
35700000 
35700010 
36100000 
36100010 
36300000 
36300010 
36600000 
36600005 
36600010 
36600020 
36600030 
36600060 
36600070 
36610000 
36610010 
36610020 
36610030 
36610040 
36610050 
36610060 
36610070 
36610080 
36700000 
36700010 
37020000 
37020010 
37030010 
37040000 
37040010 
37500000 
37500010 
37500020 
38500000 
38500010 
39700000 
39700010 
39700020 
39700030 
40200000 
40200010 
40400000 
40400010 
40500000 
40500010 
40500020 
40700000 
40700010 
40700020 
40700500 
40700510 
40800000 
40800010 
41000000 
41000010 
41000020 
41000030 
41000040 
41100000 
41100010 
41400000 
41400010 
41400020 
41400030 
41400040 
41400100 
41900000 
41900010 
41900020 
41900030 
41900040 
41900041 
41900050 
42000000 
42000010 
42000020 
42000030 
42100000 
42100010 
42400000 
42400010 
42600000 
42600010 
42600020 
42800000 
42800010 
43000000 
43000010 
43000020 
43000030 
43000040 
43100000 
43100010 
43100020 
43100030 
43100040 
43100050 
43100060 
43100070 
43100071 
43100080 
43210000 
43210010 
43210020 
43400000 
43400010 
43400020 
43500000 
43500010 
43500020 
43500030 
43500040 
43500050 
43500060 
43500070 
43500080 
43500090 
43500100 
43500110 
43700000 
43700010 
43700011 
43700020 
43700021 
43700030 
43700031 
43700040 
43700050 
43800000 
43800010 
43800020 
43800021 
43800022 
43810000 
43810010 
43820000 
43820010 
43850000 
43850010 
44700000 
44700010 
44800000 
44800010 
44800020 
44900000 
44900010 
44900020 
45100000 
45100010 
45100020 
45500000 
45500010 
45600000 
45600010 
45700000 
45700010 
46000000 
46000010 
46000020 
46000030 
46000040 
46000050 
46400000 
46400010 
46400020 
46400030 
46500000 
46500010 
46600000 
46600010 
46600020 
46600030 
46600040 
46900000 
46900010 
46900020 
46900030 
46900040 
47700000 
47700010 
47700020 
47700030 
48100000 
48100010 
49500000 
49500010 
49500020 
49500030 
49500040 
49600000 
49600010 
50400000 
50400010 
50800000 
50800010 
50900000 
50900010 
50900020 
50900030 
51700000 
51700010 
51700020 
51700030 
51900000 
51900010 
51900020 
51900030 
52100000 
52100010 
52400000 
52400010 
52400020 
52400030 
52400040 
52400050 
52400060 
52400070 
52400080 
52400090 
52400100 
52400110 
52400120 
52400130 
52400140 
52400150 
52400160 
52400170 
52500000 
52500010 
52500020 
52500030 
52500040 
52500050 
52600000 
52600010 
52600020 
52600030 
52600040 
52700000 
52700010 
52700020 
52700030 
52700040 
52700050 
52700060 
52700070 
52700080 
52710000 
52710010 
52710020 
52710030 
52710040 
53100000 
53100010 
53100020 
53100021 
53100030 
53100040 
53100041 
53100042 
53100043 
53100050 
53900000 
53900010 
54300000 
54300010 
55800000 
55800010 
55800020 
56510000 
56510010 
56510020 
57700000 
57700010 
57700020 
58300000 
58300010 
58300020 
58300030 
58300040 
58300050 
58300060 
58400000 
58400010 
58400020 
59000000 
59000010 
59000020 
59000030 
60100000 
60100010 
60720000 
60720010 
62100000 
62100010 
