0 
1000 
2000 
2010 
2020 
3000 
3010 
3020 
3021 
3022 
4000 
4001 
4010 
4020 
5000 
5010 
5011 
5020 
6000 
7000 
7010 
100000000 
100100000 
110000000 
110500000 
111000000 
120100000 
120200000 
120300000 
120400000 
120500000 
120600000 
120700000 
120800000 
120900000 
130000000 
140000000 
140000001 
150000000 
150000010 
160000000 
180000000 
190000000 
200000000 
200100000 
210000000 
210100000 
210200000 
220000000 
250000000 
280000000 
300000000 
300100000 
300200000 
300300000 
300400000 
300500000 
300600000 
300700000 
300800000 
300900000 
301000000 
301100000 
301200000 
301300000 
301400000 
301500000 
301600000 
301700000 
301800000 
301900000 
302000000 
310000000 
310100000 
310200000 
310300000 
310400000 
310500000 
310600000 
310700000 
310900000 
311000000 
311100000 
311200000 
311500000 
311700000 
311800000 
311900000 
312000000 
312100000 
312200000 
320000000 
320100000 
320200000 
320300000 
320400000 
320500000 
320600000 
320700000 
320800000 
320900000 
321000000 
321100000 
321200000 
340000000 
341000000 
341100000 
341200000 
341300000 
341400000 
341500000 
341600000 
350000000 
392000000 
400000000 
400100000 
400200000 
410000000 
410100000 
410200000 
420000000 
420100000 
420200000 
420300000 
430000000 
430100000 
600000000 
610000000 
610000001 
611000000 
615000000 
620000000 
620000001 
620000010 
620000020 
620000021 
620000100 
620000101 
630000000 
630000001 
635000000 
638000000 
640000000 
641000000 
645000000 
650000000 
651000000 
652000000 
655000000 
655000010 
655000020 
680000000 
680000100 
682000000 
683000000 
684000000 
684100000 
684200000 
685000000 
685100000 
686000000 
690000000 
692000000 
694000000 
