0 
3011000 
3012000 
3071000 
3071001 
3071002 
3088000 
3302000 
3303000 
3305000 
3306000 
3307000 
3321000 
3322000 
3323000 
3323001 
3333000 
3334000 
3351000 
3361000 
3361001 
3361002 
3362000 
3363000 
3364000 
3405000 
3405001 
3405002 
3405008 
3405010 
3405011 
3418000 
4038000 
4133000 
4134000 
4138000 
4139000 
4384000 
4384001 
4498000 
4499000 
4599000 
4690000 
4691000 
4691001 
4691002 
4691009 
4691010 
4692000 
4692001 
4692003 
4692004 
4692006 
4692007 
4692008 
4692009 
4692010 
4692011 
4692020 
4692021 
4692030 
4692040 
4693000 
4693003 
4693004 
4693005 
4693007 
4693010 
4693011 
4693012 
4693020 
4693021 
4693022 
4693030 
4693040 
4859000 
4860000 
4987000 
4987001 
5040000 
5041000 
5042000 
5043000 
5044000 
5045000 
6072000 
6074000 
6075000 
7144000 
7146000 
7360000 
7430000 
7431000 
7432000 
7433000 
7438000 
7439000 
7450000 
7451000 
7452000 
7470000 
7505000 
7507000 
7556000 
7557000 
7563000 
7587000 
7677000 
7677001 
7678000 
7678001 
7679000 
7679001 
7700000 
20125000 
20846000 
20890000 
20940000 
20940001 
20940003 
20940004 
20940006 
20940007 
20940008 
20940010 
20940011 
20942000 
20945000 
20945003 
20945004 
20945006 
20945007 
20945008 
20945010 
20945011 
20945020 
20945021 
20946000 
20946003 
20946004 
20946006 
20946007 
20946008 
20946010 
20946011 
20946020 
20946021 
20948000 
20949000 
20968000 
20968003 
20968004 
20968006 
20968007 
20983000 
20983001 
20983002 
20983003 
20983004 
20983005 
20983007 
20983030 
20983040 
20986000 
20989000 
20989003 
20989004 
20989005 
20989007 
20989010 
20989020 
20989030 
20989040 
20991000 
20991001 
20991003 
20991004 
20991006 
20991007 
20991008 
20991010 
20991011 
20991020 
20991021 
20991030 
20991040 
20992000 
20992001 
20992003 
20992004 
20992006 
20992007 
20992008 
20992010 
20992011 
20992020 
20992021 
20992030 
20992040 
20993000 
20993003 
20993004 
20993005 
20993007 
20993010 
20993011 
20993012 
20993020 
20993021 
20993022 
20993030 
20993040 
20994000 
20994003 
20994004 
20994005 
20994007 
20994010 
20994011 
20994012 
20994020 
20994021 
20994022 
20994030 
20994040 
20995000 
20995003 
20995004 
20995005 
20995007 
22010000 
22029000 
22029001 
22029002 
22184000 
22184001 
22184002 
22184003 
22213000 
22246000 
22246009 
22262000 
22262001 
22300000 
22300001 
22301000 
22301001 
22310000 
22310009 
22311000 
22311009 
22312000 
22312009 
22905000 
23424000 
23425000 
23426000 
23733000 
23733001 
23733008 
23733010 
23733011 
23733020 
23733021 
23733030 
23733040 
23832000 
23833000 
23833001 
23862000 
23862001 
23862003 
23862005 
23862006 
23862007 
23862009 
23871000 
23871003 
23871007 
23871008 
23871010 
23871011 
23871020 
23871021 
23871030 
23871040 
23872000 
23872003 
23872004 
23872006 
23872007 
23873000 
23873003 
23873004 
23873006 
23873007 
23873008 
23873010 
23873011 
23873020 
23873021 
23873030 
23873040 
23874000 
23874003 
23874004 
23874006 
23874007 
23874010 
23874011 
23874020 
23874021 
23874030 
23874040 
23875000 
23875003 
23875004 
23875006 
23875007 
23875010 
23875011 
23875020 
23875021 
23875030 
23875040 
23876003 
23876010 
23876011 
23876020 
23876021 
23876030 
23876040 
23877000 
23877003 
23877004 
23877006 
23877007 
23878000 
23878003 
23878004 
23878006 
23878007 
23878008 
23878010 
23878011 
23878020 
23878021 
23878030 
23878040 
23879000 
23879003 
23879004 
23879006 
23879007 
23879008 
23879010 
23879011 
23879020 
23879021 
23879030 
23879040 
23885000 
23885003 
23885008 
23900000 
23900001 
24157000 
24157003 
24157010 
24157020 
24185000 
24670000 
24826000 
27003000 
27017000 
27022000 
27022001 
27022010 
27022011 
27023000 
27023001 
27023010 
27023011 
27065000 
27078000 
27078001 
27079000 
27101000 
27114000 
27115003 
27115004 
27115006 
27115007 
27115008 
27115030 
27115040 
27135000 
27135003 
27135004 
27135005 
27135007 
27135010 
27135011 
27135012 
27135020 
27135021 
27135022 
27136000 
27136003 
27136004 
27136005 
27136007 
27136010 
27136011 
27136012 
27136020 
27136021 
27136022 
27137003 
27137004 
27137006 
27137007 
27145000 
27148000 
27162003 
27162004 
27162005 
27162007 
27162010 
27162011 
27162012 
27162020 
27162021 
27162022 
27162030 
27162040 
27163003 
27163004 
27163005 
27163007 
27163010 
27163011 
27163012 
27163020 
27163021 
27163022 
27163030 
27163040 
27176003 
27176004 
27178000 
27188000 
27188009 
27189000 
27189009 
27194000 
27194009 
27195000 
27195009 
27196000 
27196009 
27213000 
27214003 
30024000 
30026000 
30027000 
30196000 
30639000 
30669000 
30670000 
30924000 
30925000 
50794000 
50850000 
52044000 
52054000 
52054001 
52064000 
52064001 
52101000 
52101001 
52102000 
52103000 
52104000 
52105000 
52106000 
52107000 
52201000 
52202000 
52251000 
52251001 
52252000 
52253000 
52254000 
52270000 
52272000 
52273000 
52300000 
52302000 
52317000 
52327000 
52329000 
52330000 
52331000 
52392000 
52444000 
52699000 
52741000 
52746000 
52775000 
52792000 
52793000 
52794000 
52807000 
52808000 
52809000 
52810000 
52831000 
52900000 
52901000 
52902000 
52903000 
52904000 
52905000 
52906000 
52907000 
52908000 
52909000 
52910000 
52911000 
52912000 
52913000 
52914000 
52915000 
52916000 
52917000 
52918000 
52930000 
52931000 
52932000 
52933000 
52934000 
52940000 
52941000 
52942000 
52943000 
52945000 
52946000 
52947000 
52948000 
52949000 
52950000 
52951000 
52952000 
52953000 
52954000 
52955000 
52956000 
52957000 
52958000 
52959000 
52960000 
52961000 
52962000 
52963000 
52964000 
52965000 
52966000 
52967000 
52968000 
52969000 
52970000 
52971000 
53135000 
53136000 
53158000 
53175000 
53176000 
53180000 
53900000 
53901000 
70456000 
70456001 
70457000 
70472000 
70472001 
70472002 
70500000 
70500001 
70502000 
70503000 
70511000 
70511001 
70514000 
70515000 
70515001 
70517000 
70518000 
70518900 
70519000 
70520000 
70522000 
70522001 
70535000 
70535001 
70537000 
70537001 
70538001 
70550000 
70550001 
70552000 
71056000 
71060000 
71061000 
71062000 
71063000 
71064000 
71065000 
71066000 
71067000 
71068000 
71069000 
71070000 
71080000 
71083000 
71093000 
71094000 
71096000 
71098000 
71101000 
71103000 
71105000 
74035000 
74036000 
74038000 
74039000 
74040000 
74093000 
74514000 
74515000 
74516000 
74517000 
74519000 
74541000 
74559000 
74560000 
74561000 
74606000 
74619000 
74620000 
74621000 
74993000 
74999000 
94900000 
99003000 
99004000 
99010000 
99011000 
99012000 
99015000 
99018000 
99023000 
99038000 
99046000 
99047000 
99048000 
99055000 
99063000 
99070000 
99130000 
99135000 
99139000 
99160000 
99220000 
99230000 
99231000 
99232000 
99255000 
99260000 
99261000 
99262000 
99263000 
99295000 
99304000 
99309000 
99315000 
99316000 
99321000 
99371000 
99374000 
99390000 
99510000 
99635000 
99684000 
99687000 
99795000 
99796000 
99800000 
99801000 
99802000 
99845000 
99930000 
99931000 
99932000 
99933000 
99934000 
99935000 
99936000 
99937000 
99938000 
99939000 
100101000 
110029000 
110039000 
110059000 
110061000 
110062000 
110178000 
110247000 
110300000 
110301000 
110301001 
110304000 
110304001 
110309000 
110318000 
110318001 
110345000 
110345001 
210281000 
210282000 
210283000 
210284000 
210639000 
217000000 
217000001 
217000002 
217000003 
217000004 
217000005 
217000006 
217000007 
217001000 
217001001 
217001002 
217001003 
217001004 
217001005 
217002000 
217003000 
217003001 
217004000 
217005000 
217006000 
217007000 
217007001 
217007002 
217007003 
217007004 
217008000 
217009000 
217011000 
217012000 
217012001 
217012002 
217012003 
217012004 
217012005 
217015000 
217016000 
217017000 
217017001 
217030000 
217030001 
217030002 
217030003 
217030004 
217036000 
217037000 
217050000 
217051000 
217053000 
217054000 
217084000 
217085000 
217090000 
217091000 
217097000 
217120000 
217125000 
217129000 
217129001 
217228000 
217229000 
217232000 
220202000 
220485000 
220486000 
221252000 
221314000 
221425000 
221432000 
221439000 
221440000 
221443000 
221464000 
221468000 
221469000 
221483000 
221495000 
221496000 
221498000 
221507000 
221519000 
221524000 
221528000 
221529000 
221549000 
221550000 
221597000 
221604000 
221606000 
221607000 
221608000 
221609000 
221618000 
221621000 
221622000 
221639000 
221658000 
227004000 
227004001 
227060000 
228023000 
228024000 
228039000 
228087000 
228088000 
228089000 
228090000 
228091000 
228094000 
228094001 
228095000 
228096000 
228097000 
228104000 
228110000 
228113000 
228116000 
228129000 
228131000 
228132000 
228133000 
228134000 
228136000 
228142000 
228145000 
228146000 
228149000 
228150000 
228152000 
228153000 
228157000 
228159000 
228160000 
228165000 
228166000 
228167000 
228168000 
228183000 
228197000 
228198000 
228208000 
228208001 
228211000 
228211001 
228212000 
228212001 
228213000 
228213001 
228225000 
228226000 
228240000 
228245000 
228246000 
228247000 
228248000 
228249000 
230413000 
231250000 
237000000 
237000001 
237001000 
237002000 
237004000 
237005000 
237006000 
237016000 
237017000 
237019000 
237023000 
237024000 
237027000 
237031000 
237032000 
237032001 
237037000 
237038000 
237039000 
237042000 
237043000 
237048000 
237051000 
237057000 
237058000 
237060000 
237061000 
237061001 
237063000 
237073000 
237074000 
237075000 
237076000 
237084000 
237086000 
237100000 
237101000 
237102000 
237103000 
237104000 
237105000 
237106000 
240452000 
240565000 
247012000 
247013000 
247014000 
247015000 
247016000 
247017000 
247018000 
247021000 
247022000 
247023000 
247024000 
247025000 
247026000 
247027000 
247031000 
247033000 
247035000 
247036000 
247038000 
247042000 
250007000 
250278000 
250420000 
250421000 
250422000 
250427000 
250435000 
250470000 
250471000 
250473000 
250536000 
250599000 
257031000 
258100000 
258101000 
258102000 
258103000 
258104000 
258105000 
258106000 
258108000 
258109000 
258114000 
258115000 
258116000 
258125000 
258129000 
258130000 
258137000 
258138000 
258139000 
258144000 
258145000 
258146000 
258147000 
258148000 
258149000 
258150000 
258151000 
258152000 
258154000 
258155000 
258156000 
258170000 
258172000 
258173000 
258174000 
258175000 
258176000 
258177000 
258178000 
258179000 
258180000 
258181000 
258182000 
258183000 
258184000 
260058000 
260059000 
260461000 
260640000 
260641000 
260642000 
260643000 
267002000 
267003000 
267004000 
267011000 
267029000 
267030000 
267031000 
267032000 
267033000 
267034000 
267035000 
267036000 
267037000 
267040000 
267041000 
267042000 
267045000 
267050000 
267051000 
267055000 
267060000 
267061000 
267062000 
270034000 
270045000 
270280000 
270430000 
270463000 
270464000 
270467000 
270502000 
270503000 
270684000 
270685000 
270686000 
270687000 
277031000 
277032000 
277033000 
277034000 
277035000 
277036000 
277037000 
277040000 
277041000 
277043000 
277047000 
277048000 
277050000 
277052000 
277053000 
277054000 
277057000 
277058000 
277059000 
277062000 
277063000 
277064000 
277065000 
277065001 
277067000 
277070000 
277072000 
277074000 
277075000 
277076000 
277076001 
277077000 
277082000 
277084000 
277086000 
277100000 
277112000 
277120000 
277121000 
277123000 
277127000 
277129000 
277130000 
300002000 
400156000 
400161000 
400626000 
400626001 
400628000 
400628001 
400639000 
400639001 
400640000 
400641000 
400641001 
400642000 
400642001 
400643000 
400643001 
400654000 
400705000 
400705001 
400706000 
400706001 
400708000 
410097000 
410098000 
410205000 
410210000 
410588000 
410590000 
410591000 
410705000 
410706000 
410707000 
410709000 
410730000 
411017000 
411023000 
411030000 
411084000 
411089000 
411136000 
412069000 
412070000 
418112000 
418116000 
418117000 
418118000 
418119000 
418120000 
418121000 
418122000 
418135000 
427100000 
427112000 
427113000 
427117000 
427121000 
427123000 
427124000 
427124001 
427127000 
427128000 
427129000 
427131000 
427135000 
427136000 
427137000 
427138000 
427139000 
427154000 
427157000 
427161000 
427161001 
427198000 
427199000 
427209000 
427210000 
427213000 
427220000 
427221000 
427252000 
427257000 
440121000 
440507000 
440508000 
440509000 
440510000 
443169008 
443170008 
443265003 
443266003 
443267003 
443268003 
443269003 
443270003 
443271003 
443272003 
443273003 
443274003 
447003000 
447004000 
447014000 
447015000 
447016000 
447019000 
447020000 
447021000 
447030000 
447033000 
447034000 
447037000 
447038000 
447046000 
447047000 
447048000 
447049000 
447050000 
447057000 
447058000 
447060003 
447066000 
447067000 
447070003 
447071003 
447073003 
447074003 
447090000 
447091000 
447092000 
447112003 
447113003 
463690000 
463710000 
463760000 
463780000 
463890000 
463910000 
463930000 
464037000 
464055000 
464056000 
464058000 
464059000 
464100000 
464900000 
464905000 
464906000 
700037000 
800016000 
995079000 
995097000 
995098000 
995099000 
995140000 
995141000 
995147000 
995166000 
995167000 
995168000 
995198000 
995199000 
995244000 
995245000 
995246000 
995247000 
995263000 
995264000 
995265000 
995384000 
995385000 
995386000 
995387000 
995489000 
995491000 
995498000 
995499000 
995505000 
995528000 
996026000 
996027000 
996028000 
996028001 
996028002 
996036000 
996037000 
996041000 
997203000 
997209000 
997310000 
997808000 
997810000 
997813000 
997814000 
997822000 
999038000 
999999001 
