10 
11 
12 
13 
20 
21 
22 
23 
2400 Gift - None
2401 Gift - Crimson Amber Medallion
2402 Gift - Lands Between Rune
2403 Gift - Golden Seed
2404 Gift - Fanged Imp Ashes
2405 Gift - Cracked Pot
2406 Gift - Stonesword Key
2407 Gift - Bewitching Branch
2408 Gift - Boiled Prawn
2409 Gift - Shabriri's Woe
3000 Class - Vagabond
3001 Class - Warrior
3002 Class - Hero
3003 Class - Bandit
3004 Class - Astrologer
3005 Class - Prophet
3006 Class - Confessor
3007 Class - Samurai
3008 Class - Prisoner
3009 Class - Wretch
3100 
3101 
3102 
3103 
3104 
3105 
3106 
3107 
3108 
3109 
3110 
3111 
3112 
3113 
3114 
3115 
3116 
3117 
3118 
3119 
4000 
4001 
4002 
4003 
4004 
4005 
4006 
4007 
4008 
4009 
4010 
4011 
4012 
4013 
4014 
4015 
4016 
4017 
4018 
4019 
4020 
4021 
4022 
4023 
4024 
4025 
4026 
4027 
4028 
4029 
4030 
4031 
4032 
4033 
4034 
4035 
4036 
4037 
4038 
4039 
4040 
4041 
4042 
4043 
4044 
4045 
4046 
4047 
4048 
4049 
4050 
4051 
4053 
4054 
4055 
4056 
4057 
4058 
4059 
4060 
4061 
4062 
4063 
4064 
4065 
4066 
4067 
4068 
4069 
4070 
4071 
4072 
4100 
4101 
4102 
4103 
4104 
4105 
4106 
4107 
4108 
4109 
4110 
4111 
4113 
4114 
4115 
4116 
4150 
4151 
4152 
4153 
4154 
4155 
4156 
4157 
4158 
4159 
4161 
4164 
4165 
4168 
4169 
4170 
4171 
4172 
4173 
4174 
4175 
4176 
4200 
4201 
4202 
4203 
4204 
4205 
4206 
4207 
4208 
4209 
4210 
4213 
4214 
4215 
4216 
4217 
4218 
4219 
4220 
4221 
4250 
4251 
4252 
4253 
4254 
4255 
4256 
4257 
4258 
4260 
4261 
4300 
4301 
4302 
4303 
4304 
4305 
4306 
4350 
4351 
4352 
4354 
4400 
4401 
4402 
4403 
4404 
4405 
4406 
4407 
4408 
4410 
4411 
4412 
4413 
4414 
4450 
4451 
4452 
4453 
4454 
4455 
4456 
4458 
4459 
4460 
4500 
4501 
4502 
4503 
4504 
4506 
4507 
4508 
4550 
4551 
4552 
4554 
4555 
4556 
4557 
4558 
4600 
4601 
4603 
4604 
4605 
4606 
4607 
4608 
4609 
4610 
4611 
4612 
4613 
4614 
4615 
4616 
4650 
4651 
4652 
4653 
4655 
4659 
4660 
4661 
4662 
4663 
4664 
4665 
4666 
4667 
4700 
4701 
4702 
4703 
4704 
4750 
4751 
4752 
4753 
4754 
4755 
4756 
4757 
4759 
4760 
4761 
4763 
4800 
4801 
4802 
4803 
4804 
4805 
4806 
4808 
4811 
4812 
4813 
4814 
4850 
4851 
4852 
4853 
4854 
4855 
4856 
4857 
4858 
4860 
4861 
4862 
4863 
4864 
4865 
4900 
4901 
4902 
4903 
4904 
4905 
4906 
4907 
4908 
4909 
4911 
4912 
4913 
4914 
4915 
4916 
4951 
4952 
4953 
4955 
4956 
4957 
5000 
5001 
5002 
5003 
5004 
5005 
5006 
5007 
5008 
5009 
5010 
5011 
5013 
5014 
5015 
5016 
5050 
5051 
5052 
5055 
5056 
5060 
5062 
5063 
5065 
5066 
5067 
5100 
5101 
5106 
5107 
5108 
5109 
5110 
5111 
5112 
5150 
5151 
5152 
5153 
5200 
5202 
5204 
5205 
5206 
5207 
5250 
5251 
5252 
5253 
5254 
5256 
5257 
5258 
5259 
5260 
5261 
5262 
5263 
5264 
5265 
5269 
5270 
5300 
5301 
5302 
5303 
5304 
5305 
5306 
5307 
5308 
5309 
5310 
5311 
5312 
5313 
5315 
5319 
5320 
5321 
5322 
5323 
5324 
5325 
5326 
5327 
5328 
5329 
5330 
5350 
5351 
5352 
5353 
5354 
5355 
5356 
5359 
5360 
5361 
5362 
5363 
5364 
5365 
5366 
5367 
5368 
5369 
5370 
5371 
5372 
5373 
5374 
5375 
5376 
5400 
5404 
5405 
5406 
5409 
5411 
5412 
5413 
5417 
5418 
5419 
5420 
5421 
5422 
5423 
5424 
5425 
5426 
5450 
5451 
5452 
5453 
5454 
5455 
5456 
5457 
5458 
5500 
5501 
5550 
5551 
5552 
5553 
5555 
5600 
5601 
5602 
5603 
5604 
5606 
5607 
5650 
5651 
5653 
5654 
5700 
5701 
5702 
5703 
5704 
5705 
5707 
5708 
5750 
5751 
6000 
6001 
6002 
6003 
6004 
6005 
6006 
6007 
6008 
6009 
6010 
6011 
6012 
6013 
6014 
6015 
6016 
6017 
6018 
6019 
6020 
6021 
6022 
6023 
6024 
6025 
6026 
6027 
6028 
6029 
6030 
6031 
6032 
6033 
6034 
6035 
6036 
6037 
6038 
6039 
6040 
6041 
6042 
6043 
6044 
6045 
6046 
6047 
6048 
6049 
6050 
6051 
6052 
6053 
6054 
6055 
6056 
6057 
6058 
6059 
6060 
6061 
6062 
6063 
6064 
6065 
6066 
6067 
6068 
6069 
6070 
6071 
6072 
6073 
6074 
6075 
6076 
6077 
6078 
6079 
6080 
6081 
6082 
6083 
6084 
6085 
6086 
6087 
6088 
6089 
6090 
6091 
6092 
6093 
6094 
6095 
6096 
6097 
6098 
6099 
6100 
6101 
6102 
6103 
6104 
6105 
6106 
6107 
6108 
6109 
6110 
6111 
6112 
6113 
6114 
6115 
6116 
6117 
6118 
6119 
6120 
6121 
6122 
6123 
6124 
6125 
6126 
6127 
6128 
6129 
6130 
6131 
6132 
6133 
6134 
6135 
6136 
6139 
6140 
6141 
6144 
6145 
6146 
6147 
6148 
6149 
6150 
6151 
6152 
6153 
6158 
6159 
6160 
6161 
6162 
6163 
6164 
6165 
6166 
6167 
6168 
6169 
6170 
6171 
6172 
6173 
6174 
6175 
6176 
6177 
6178 
6179 
6180 
6181 
6182 
6183 
6184 
6185 
6186 
6187 
6188 
6189 
6190 
6191 
6192 
6193 
6194 
6195 
6196 
6197 
6198 
6199 
6200 
6201 
6202 
6203 
6204 
6205 
6206 
6207 
6208 
6209 
6210 
6211 
6212 
6213 
6214 
6215 
6216 
6217 
6218 
6219 
6220 
6221 
6222 
6223 
6224 
6225 
6226 
6227 
6228 
6229 
6230 
6231 
6232 
6233 
6234 
6235 
6236 
6237 
6238 
6239 
6240 
6241 
6242 
6243 
6244 
6245 
6498 
6499 
6500 
6501 
6502 
6503 
6504 
6505 
6506 
6507 
6508 
6509 
6510 
6511 
6512 
6513 
6514 
6515 
6516 
6517 
6518 
6519 
6520 
6521 
6522 
6523 
6524 
6525 
6526 
6527 
6528 
6529 
6530 
6531 
6532 
6533 
6534 
6535 
6536 
6537 
6538 
6539 
6540 
6541 
6542 
6543 
6544 
6545 
6546 
6547 
6548 
6549 
6550 
6551 
6552 
6553 
6554 
6555 
6556 
6557 
6558 
6559 
6560 
6561 
6562 
6563 
6564 
6565 
6566 
6567 
6568 
6569 
6570 
6571 
6572 
6573 
6574 
6575 
6576 
6577 
6578 
6579 
6580 
6581 
6582 
6583 
6584 
6585 
6586 
6587 
6588 
6589 
6590 
6591 
6592 
6593 
6594 
6595 
6596 
6597 
6598 
6599 
6602 
6603 
6604 
6605 
6606 
6607 
6608 
6609 
6610 
6611 
6612 
6613 
6614 
6616 
6617 
6618 
6619 
6620 
6621 
6622 
6623 
6624 
6625 
6626 
6627 
6628 
6629 
6630 
6631 
6632 
6633 
6634 
6635 
6636 
6637 
6638 
6639 
6640 
6641 
6642 
6643 
6644 
6645 
6646 
6647 
6648 
6649 
6650 
6651 
6652 
6653 
6654 
6655 
6656 
6657 
6658 
6659 
6660 
6661 
6662 
6663 
6664 
6665 
6666 
6667 
6668 
6669 
6670 
6671 
6672 
6673 
6674 
6675 
6676 
6677 
6678 
6679 
6680 
6681 
6682 
6683 
6684 
6685 
6686 
6687 
6688 
6689 
6690 
6691 
6692 
6693 
6694 
6695 
6696 
6697 
6698 
6699 
6700 
6701 
6702 
6703 
6704 
6705 
6706 
6707 
6708 
6709 
6710 
6711 
6712 
6713 
6714 
6715 
6716 
6717 
6718 
6719 
6720 
6721 
6722 
6723 
6724 
6725 
6726 
6727 
6728 
6729 
6998 
6999 
7000 
7001 
7002 
7003 
7004 
7005 
7006 
7007 
7008 
7009 
7010 
7011 
7012 
7013 
7014 
7015 
7016 
7017 
7018 
7019 
7020 
7021 
7022 
7023 
7024 
7025 
7026 
7027 
7028 
7029 
7030 
7031 
7032 
7033 
7034 
7035 
7036 
7037 
7038 
7039 
7040 
7041 
7042 
7043 
7044 
7045 
7046 
7047 
7048 
7049 
7050 
7051 
7052 
7053 
7054 
7055 
7056 
7057 
7058 
7059 
7060 
7061 
7062 
7063 
7064 
7065 
7066 
7067 
7068 
7069 
7100 
7101 
7102 
7103 
7104 
7105 
7106 
7107 
7108 
7109 
7110 
7111 
7112 
7113 
7114 
7115 
7116 
7117 
7118 
7119 
7120 
7121 
7122 
7123 
7124 
7125 
7126 
7127 
7128 
7129 
7130 
7131 
7132 
7133 
7134 
7135 
7136 
7137 
7138 
7139 
7140 
7141 
7142 
7143 
7144 
7145 
7146 
7147 
7148 
7149 
7150 
7151 
7152 
7153 
7154 
7155 
7156 
7157 
7158 
7159 
7160 
7161 
7162 
7163 
7164 
7165 
7166 
7167 
7168 
7169 
7170 
7171 
7172 
7173 
7174 
7175 
7176 
7177 
7178 
7179 
7180 
7181 
7182 
7183 
7184 
7185 
7186 
7187 
7188 
7189 
7190 
7191 
7192 
7193 
7194 
7195 
7196 
7197 
7198 
7199 
7200 
7500 
7501 
7502 
7503 
7504 
7505 
7506 
7508 
7509 
7510 
7511 
7512 
7513 
7515 
7516 
7518 
7519 
7520 
7521 
7522 
7523 
7524 
7526 
7527 
7528 
7529 
7530 
7533 
7534 
7535 
7536 
7538 
7539 
7540 
7541 
7542 
7543 
7560 
7561 
7562 
7563 
7564 
7565 
7566 
7567 
7568 
7569 
7570 
7571 
7572 
7574 
7575 
7576 
7577 
7578 
7579 
7580 
7581 
7582 
7583 
7584 
7585 
7586 
7587 
7588 
7589 
7590 
7591 
7592 
7593 
7595 
7596 
7597 
7598 
7600 
7601 
7610 
7612 
7620 
7621 
7623 
7624 
7630 
7640 
7641 
7650 
7651 
7652 
7653 
7654 
7655 
7656 
7660 
7661 
7662 
7670 
7700 
7701 
7702 
7703 
7704 
7705 
7706 
7710 
7711 
7712 
7713 
7714 
7715 
7716 
7801 
7802 
7803 
7805 
7900 
7901 
7902 
8000 
8001 
8002 
8003 
8004 
8005 
8006 
8007 
8008 
8009 
8010 
8011 
8012 
8013 
8014 
8015 
8016 
8017 
8018 
8019 
8020 
8021 
8022 
8023 
8024 
8025 
8026 
8027 
8028 
8029 
8030 
8031 
8032 
8033 
8034 
8035 
8036 
8037 
8038 
8039 
8040 
8041 
8042 
8043 
8044 
8045 
8046 
8047 
8048 
8049 
8050 
8051 
8052 
8053 
8054 
8055 
8056 
8057 
8058 
8059 
8060 
8061 
8062 
8063 
8064 
8065 
8066 
8067 
8068 
8069 
8070 
8071 
8072 
8073 
8074 
8075 
8076 
8077 
8078 
8079 
8080 
8081 
8082 
8083 
8084 
8085 
8086 
8087 
8088 
8089 
8090 
8091 
8092 
8093 
8094 
8095 
8096 
8097 
8098 
8099 
8100 
8101 
8102 
8103 
8104 
8105 
8106 
8107 
8108 
8109 
8110 
8111 
8112 
8113 
8114 
8115 
8116 
8400 
8401 
8402 
8403 
8404 
8405 
8406 
8407 
8408 
8409 
8410 
8411 
8412 
8413 
8414 
8415 
8416 
8417 
8418 
8419 
8420 
8421 
8422 
8423 
8424 
8425 
8426 
8427 
8428 
8429 
8430 
8431 
8432 
8433 
8434 
8435 
8436 
8437 
8438 
8439 
8440 
8441 
8442 
8443 
8444 
8445 
8446 
8447 
8448 
8449 
8450 
8499 
8500 
8501 
8502 
8503 
8504 
8505 
8506 
8507 
8508 
8509 
8510 
8511 
8512 
8513 
8514 
8515 
8516 
8517 
8518 
8519 
8520 
8521 
8522 
8523 
8524 
8525 
8526 
8539 
8540 
8545 
8546 
8547 
8548 
8549 
8550 
8551 
8552 
8553 
8554 
8555 
8556 
8557 
8558 
8559 
8560 
8561 
8562 
8563 
8564 
8565 
8566 
8567 
8568 
8569 
8570 
8571 
8572 
8573 
8574 
8575 
8576 
8577 
8578 
8579 
8580 
8581 
8582 
8583 
8584 
8585 
8586 
8587 
8588 
8600 
8601 
8602 
8603 
8604 
8605 
8606 
8607 
8608 
8609 
8610 
8611 
8612 
8613 
8614 
8615 
8616 
8617 
8618 
8619 
8620 
8621 
8622 
8623 
8624 
8625 
8700 
8701 
8702 
8703 
8704 
8705 
8706 
8707 
8708 
8709 
8710 
8711 
8712 
8713 
8714 
8715 
8716 
8720 
8721 
8722 
8723 
8730 
8731 
8732 
8733 
8734 
8735 
8736 
8737 
8738 
8739 
8750 
8751 
8800 
8801 
8802 
8803 
8804 
8805 
8806 
8807 
8808 
8809 
8810 
8811 
8812 
8813 
8814 
8815 
8816 
8817 
8818 
8819 
8820 
9000 
9001 
9002 
9003 
9004 
9005 
9006 
9007 
9008 
9010 
9011 
9012 
9070 
9075 
9076 
9090 
9113 
9114 
9115 
9116 
9117 
9118 
9119 
9120 
9121 
9122 
9123 
9124 
9125 
9126 
9130 
9131 
9132 
9133 
9134 
9135 
9136 
9137 
9138 
9139 
9140 
9141 
9142 
9143 
9144 
9145 
9146 
9147 
9148 
9149 
9150 
9151 
9152 
9153 
9154 
9155 
9156 
9157 
9158 
9159 
9160 
9161 
9162 
9163 
9164 
9165 
9166 
9167 
9168 
9169 
9170 
9171 
9172 
9173 
9174 
9175 
9176 
9177 
9178 
9179 
9180 
9181 
9182 
9183 
9184 
9185 
9186 
9187 
9188 
9189 
9190 
9191 
9192 
9193 
9196 
9197 
9198 
9199 
9200 
9201 
9202 
9203 
9204 
9205 
9206 
9207 
9208 
9209 
9300 
9301 
9302 
9303 
9339 
9396 
9397 
9398 
9400 
9401 
9402 
9403 
9404 
9405 
9406 
9407 
9408 
9409 
9410 
9411 
9412 
9413 
9414 
9415 
9416 
9417 
9418 
9419 
9420 
9446 
9447 
9448 
9449 
9450 
9451 
9452 
9453 
9454 
9455 
9456 
9457 
9458 
9459 
9460 
9461 
9462 
9463 
9464 
9465 
9466 
9467 
9468 
9469 
9470 
9471 
9497 
9498 
9499 
9500 
9501 
9502 
9503 
9504 
9505 
9506 
9507 
9508 
9509 
9510 
9511 
9512 
9513 
9514 
9515 
9516 
9517 
9518 
9519 
9520 
9547 
9548 
9549 
9550 
9551 
9552 
9553 
9554 
9555 
9556 
10997 
10998 
10999 
11000 
11001 
11002 
11005 
11006 
11010 
11011 
11015 
11016 
11017 
11020 
11025 
11026 
11030 
11031 
11035 
11036 
11040 
11041 
11045 
11046 
11047 
11050 
11051 
11055 
11060 
11065 
11070 
11071 
11075 
11080 
11085 
11086 
11087 
11090 
11095 
11096 
11097 
11100 
11101 
11102 
11105 
11106 
11107 
11110 
11111 
11112 
11113 
11114 
11115 
11120 
11121 
11122 
11125 
11126 
11130 
11135 
11136 
11140 
11141 
11145 
11146 
11147 
11148 
11150 
11151 
11155 
11160 
11165 
11166 
11167 
11168 
11169 
11170 
11171 
11172 
11173 
11174 
11175 
11176 
11177 
11178 
11180 
11181 
11185 
11186 
11190 
11191 
11192 
11195 
11200 
11205 
11206 
11210 
11215 
11220 
11221 
11222 
11223 
11224 
11225 
11226 
11227 
11228 
11229 
11230 
11235 
11240 
11241 
11245 
11250 
11255 
11260 
11265 
11270 
11275 
11280 
11285 
11290 
11295 
11300 
11305 
11306 
11307 
11308 
11309 
11310 
11311 
11312 
11313 
11314 
11315 
11316 
11317 
11318 
11319 
11320 
11321 
11322 
11323 
11324 
11325 
11326 
11327 
11328 
11329 
11330 
11331 
11332 
11333 
11334 
11335 
11336 
11337 
11338 
11339 
11340 
11345 
11346 
11347 
11348 
11349 
11350 
11351 
11352 
11353 
11354 
11355 
11356 
11357 
11358 
11359 
11360 
11365 
11366 
11367 
11368 
11369 
11370 
11371 
11372 
11373 
11374 
11375 
11376 
11377 
11378 
11379 
11380 
11381 
11382 
11385 
11386 
11387 
11388 
11389 
11390 
11391 
11392 
11393 
11395 
11396 
11397 
11398 
11400 
11401 
11402 
11403 
11404 
11410 
11411 
11415 
11416 
11417 
11418 
11420 
11421 
11422 
11423 
11424 
11425 
11430 
11435 
11436 
11437 
11438 
11439 
11440 
11441 
11442 
11443 
11444 
11445 
11446 
11447 
11448 
11449 
11450 
11451 
11452 
11453 
11454 
11997 
11998 
11999 
12000 
12001 
12002 
12003 
12004 
12005 
12006 
12007 
12008 
12009 
12010 
12011 
12012 
12013 
12014 
12015 
12016 
12017 
12018 
12019 
12020 
12021 
12022 
12023 
12024 
12025 
12026 
12027 
12028 
12029 
12030 
12031 
12032 
12033 
12034 
12035 
12036 
12037 
12038 
12039 
12040 
12041 
12042 
12043 
12044 
12045 
12046 
12047 
12048 
12049 
12050 
12051 
12052 
12053 
12054 
12055 
12165 
12166 
12167 
12168 
12169 
12170 
12171 
12172 
12173 
12174 
12175 
12176 
12177 
12178 
12179 
12182 
12183 
12184 
12185 
12186 
12187 
12188 
12189 
12190 
12191 
12192 
12193 
12194 
12195 
12196 
12197 
12198 
12199 
19996 
19997 
19998 
19999 
20000 Human
20001 
20002 
20010 
20011 
20012 
20013 
20014 
20015 
23000 Tanith, Volcano Manor Proprietress
23010 White Mask Varré
23040 Roundtable Knight Vyke
23041 Festering Fingerprint Vyke
23070 Preceptor Seluvis
23090 Patches
23091 Patches
23092 Patches
23100 Irina of Morne
23101 Finger Maiden Hyetta
23102 Irina of Morne
23110 Edgar the Revenger
23120 Witch-Hunter Jerren
23121 Castellan Jerren
23122 Witch-Hunter Jerren
23130 Rya the Scout
23140 Knight Diallos
23150 Human
23160 Sorceress Sellen
23161 Sorceress Sellen
23162 Sorceress Sellen
23163 Sorceress Sellen
23180 Yura, Hunter of Bloody Fingers
23181 Yura, Hunter of Bloody Fingers
23182 Shabriri
23183 Yura, Hunter of Bloody Fingers
23184 Shabriri
23190 D, Hunter of the Dead
23191 D, Hunter of the Dead
23192 D, Beholder of Death
23193 D, Beholder of Death
23194 D, Hunter of the Dead
23195 D, Beholder of Death
23200 Roderika
23201 Roderika, Spirit Tuner
23210 Kenneth Haight, Limgrave Heir
23220 
23221 Fia, Deathbed Companion
23222 Fia, Deathbed Companion
23230 Dung Eater
23231 Dung Eater
23232 Dung Eater Puppet
23240 Sir Gideon Ofnir, the All-Knowing
23241 Sir Gideon Ofnir, the All-Knowing
23242 Sir Gideon Ofnir, the All-Knowing
23243 Sir Gideon Ofnir, the All-Knowing
23244 Sir Gideon Ofnir, the All-Knowing
23245 Sir Gideon Ofnir, the All-Knowing
23246 Sir Gideon Ofnir, the All-Knowing
23247 Sir Gideon Ofnir, the All-Knowing
23248 Sir Gideon Ofnir, the All-Knowing
23249 Sir Gideon Ofnir, the All-Knowing
23250 Sorcerer Rogier
23251 Sorcerer Rogier
23252 Sorcerer Rogier (Fia's Champions Boss)
23260 Knight Bernahl
23261 Recusant Bernahl
23262 Recusant Bernahl
23270 Eleonora, Violet Bloody Finger
23271 Eleonora, Violet Bloody Finger
23290 Lionel the Lionhearted
23291 Human
23310 Blackguard
23311 Blackguard
23312 Blackguard
23320 Rykard-Hating Ghost
23330 Sorcerer Thops
23331 Sorcerer Thops
23340 Nepheli Loux, Warrior
23341 Nepheli Loux, Warrior
23342 Nepheli Loux Puppet
23350 
23360 Vyke's Finger Maiden
23380 Finger Maiden
23390 Ensha of the Royal Remains
23400 Bloody Finger Ravenmount Assassin
23420 Boc the Seamster
23430 Bloody Finger Nerijus
23440 Great Horned Tragoth
23441 Great Horned Tragoth
23450 Old Knight Istvan
23460 Rileigh the Idle
23470 Juno Hoslow, Knight of Blood
23480 Millicent
23481 Millicent
23482 Millicent
23483 Millicent
23484 Millicent
23485 Millicent
23486 Millicent
23487 Millicent
23488 Millicent
23490 Sage Gowry
23510 Scribe Corhyn
23520 Preceptor Miriam
23521 Preceptor Miriam
23530 Anastasia, Tarnished-Eater
23531 Anastasia, Tarnished-Eater
23532 Anastasia, Tarnished-Eater
23550 Bloody Finger Okina
23551 Okina
23560 Adan, Thief of Fire
23590 Moongrum, Carian Knight
23600 Vargram the Raging Wolf
23610 Fia's Champion 1
23611 Fia's Champion 1
23612 Fia's Champion 1
23613 Fia's Champion 1
23614 Fia's Champion 1
23615 Fia's Champion 1
23616 Fia's Champion 1
23617 Fia's Champion 1
23618 Fia's Champion 1
23630 Finger Maiden Therolina
23631 Finger Maiden Therolina Puppet
23632 Finger Maiden Therolina
23640 Dolores the Sleeping Arrow
23650 Jarwight
23670 Inaba, Disciple of Okina
23680 Silver Tear
23681 Silver Tear
23682 Silver Tear
23683 Silver Tear
23690 Recusant Henricus
23700 Fia's Champion 2
23701 Fia's Champion 1
23702 Fia's Champion 2
23703 Fia's Champion 2
23704 Fia's Champion 2
23705 Fia's Champion 2
23706 Fia's Champion 2
23707 Fia's Champion 2
23708 Fia's Champion 2
23710 Fia's Champion 2
23711 Fia's Champion 1
23712 Fia's Champion 3
23713 Fia's Champion 3
23714 Fia's Champion 3
23715 Fia's Champion 3
23716 Fia's Champion 3
23717 Fia's Champion 3
23718 Fia's Champion 3
23720 Maleigh Marais, Shaded Castle Castellan
23730 Knight of the Great Jar
23731 Knight of the Great Jar 1
23732 Knight of the Great Jar 1
23733 Knight of the Great Jar 1
23734 Knight of the Great Jar 1
23735 Knight of the Great Jar 1
23736 Knight of the Great Jar 1
23737 Knight of the Great Jar 1
23738 Knight of the Great Jar 1
23740 Knight of the Great Jar
23741 Knight of the Great Jar 2
23742 Knight of the Great Jar 2
23743 Knight of the Great Jar 2
23744 Knight of the Great Jar 2
23745 Knight of the Great Jar 2
23746 Knight of the Great Jar 2
23747 Knight of the Great Jar 2
23748 Knight of the Great Jar 2
23750 Knight of the Great Jar
23751 Knight of the Great Jar 3
23752 Knight of the Great Jar 3
23753 Knight of the Great Jar 3
23754 Knight of the Great Jar 3
23755 Knight of the Great Jar 3
23756 Knight of the Great Jar 3
23757 Knight of the Great Jar 3
23758 Knight of the Great Jar 3
23760 Necromancer Garris
23770 Nameless White Mask
23800 Errant Sorcerer Wilhelm
23820 Chief Guardian Arghanthy
23830 Flame Guardian
23840 Inquisitor Ghiza
23850 Mad Tongue Alberich
23860 Esgar, Priest of Blood
23870 Mary, Eldest Sister
23880 Maureen, Second Sister
23890 Amy, Third Sister
23900 Polyanna, Youngest Sister
23901 Polyanna, Adopted Daughter
23910 Magnus the Beast Claw
24000 
24010 Stray Mimic Tear
24020 Mimic Tear
26050 Mimic Tear
27000 Stormhill Colosseum Silent Spirit
27001 Caria Manor Silent Spirit
27002 Dragonbarrow Silent Spirit
27003 
27900 Human
28500 Human
29000 Human
99991 
99992 
190000 
190001 
190002 
190003 
190004 
190005 
190006 
190007 
190008 
190009 
190010 
190011 
190012 
190013 
190014 
190015 
190016 
190017 
190018 
190019 
190020 
190021 
190022 
190023 
190024 
190025 
190026 
190027 
190028 
190029 
190030 
190031 
190032 
190033 
190034 
190035 
190036 
190037 
190038 
190039 
190040 
190041 
190042 
190043 
190044 
190045 
190046 
190047 
190048 
190049 
190050 
190051 
190052 
190053 
190054 
190055 
190056 
190057 
190058 
190059 
190060 
190061 
190062 
190063 
190100 
190101 
190102 
190103 
190104 
190105 
190106 
190107 
190108 
190109 
190110 
190111 
190112 
190113 
190114 
190115 
190116 
190117 
1999999 
2001500 
2001501 
2001600 
2001700 
2001800 
2001900 
2002200 
2002300 
2002400 
2004000 
2004001 
2004010 
2004011 
2004012 
2004013 
2004014 
2004020 
2004021 
2004023 
2004030 
2004032 
2004033 
2004034 
2004040 
2004050 
2004051 
2004060 
2004061 
2004062 
2004063 
2004070 
2004071 
2004072 
2004080 
2004090 
2004091 
2004100 
2004110 
2004111 
2004112 
2004113 
2004120 
2004130 
2004131 
2004132 
2004133 
2004134 
2004140 
2004141 
2004150 
2004151 
2004152 
2004153 
2004154 
2004160 
2004161 
2004170 
2004171 
2004180 
2004190 
2004200 
2004201 
2004202 
2004203 
2004204 
2004210 
2004220 
2004221 
2004222 
2004230 
2004231 
2004240 
2004241 
2004250 
2004251 
2004252 
2004253 
2004260 
2004262 
2004270 
2004271 
2004280 
2004281 
2004282 
2004290 
2004300 
2004310 
2004320 
2004321 
2004330 
2004340 
2004341 
2004350 
2004351 
2004352 
2004353 
2004354 
2004360 
2004361 
2004370 
2004380 
2004381 
2004382 
2004390 
2004391 
2004392 
2004400 
2004401 
2004402 
2004403 
2004410 
2004411 
2004412 
2005990 
2005999 
2006000 
2006001 
2006002 
2006005 
2006010 
2006011 
2006015 
2006016 
2006020 
2006021 
2006025 
2006026 
2006030 
2006035 
2006036 
2006040 
2006045 
2006046 
2006050 
2006055 
2006056 
2006057 
2006060 
2006065 
2006070 
2006075 
2006076 
2006080 
2006085 
2006090 
2006095 
2006096 
2006097 
2006098 
2006099 
2006100 
2006101 
2006105 
2006110 
2006115 
2006116 
2006120 
2006121 
2006125 
2006130 
2006131 
2006132 
2006135 
2006140 
2006141 
2006142 
2006145 
2006150 
2006155 
2006160 
2006165 
2006170 
2006500 
2006501 
2006502 
2006505 
2006510 
2006511 
2006515 
2006516 
2006520 
2006521 
2006525 
2006526 
2006530 
2006535 
2006536 
2006540 
2006545 
2006546 
2006550 
2006555 
2006556 
2006557 
2006560 
2006565 
2006570 
2006575 
2006576 
2006580 
2006585 
2006590 
2006595 
2006596 
2006597 
2006598 
2006599 
2006600 
2006601 
2006605 
2006610 
2006615 
2006616 
2006620 
2006621 
2006625 
2006630 
2006631 
2006632 
2006635 
2006640 
2006641 
2006642 
2006645 
2006650 
2006655 
2006660 
2006665 
2006670 
2007000 
2007005 
2007010 
2007015 
2007020 
2007025 
2007030 
2007035 
2007040 
2007045 
2007050 
2007055 
2007060 
2007070 
2007075 
2007200 
2007205 
2007210 
2007215 
2007220 
2007225 
2007230 
2007235 
2007245 
2007250 
2007255 
2007260 
2007265 
2007270 
2007275 
2007280 
2007285 
2007295 
2007300 
2007305 
2007310 
2007315 
2007320 
2007325 
2007330 
2007335 
2007340 
2007345 
2007500 
2007505 
2007510 
2007515 
2007516 
2007520 
2007521 
2007525 
2007526 
2007530 
2007531 
2007535 
2007540 
2007545 
2007546 
2007550 
2007555 
2007565 
2007570 
2007575 
2007580 
2007585 
2007590 
2007595 
2007600 
2007690 
2007691 
2007700 
2007705 
2007710 
2007711 
2007715 
2007720 
2007725 
2007730 
2007735 
2007740 
2007745 
2007750 
2007751 
2007755 
2007760 
2007765 
2007770 
2007775 
2007780 
2007785 
2007790 
2007795 
2007800 
2007900 
2007905 
2007910 
2007915 
2007920 
2007925 
2007930 
2007935 
2007940 
2007945 
2007950 
2007955 
2007960 
2007965 
2007970 
2007975 
2007980 
2007985 
2007990 
2008000 
2008001 
2008002 
2008003 
2008004 
2008005 
2008006 
2008008 
2008009 
2008010 
2008011 
2008012 
2008013 
2008014 
2008015 
2008016 
2008017 
2008018 
2008019 
2008020 
2008021 
2008022 
2008023 
2008024 
2008025 
2008026 
2008027 
2008028 
2008029 
2008030 
2008031 
2008032 
2008033 
2008034 
2008035 
2008036 
2008037 
2008038 
2008400 
2008401 
2008402 
2008403 
2008404 
2008405 
2008500 
2008501 
2008502 
2008503 
2008510 
2008511 
2008512 
2008514 
2008515 
2008516 
2008520 
2008521 
2008525 
2008526 
2008530 
2008531 
2008535 
2008536 
2008537 
2008538 
2008580 
2008581 
2008582 
2008583 
2008584 
2008585 
2008586 
2008587 
2008599 
2008600 
2008610 
2008620 
2008630 
2008640 
2008650 
2008660 
2008950 
2008951 
2008952 
2009000 
2009001 
2009002 
2009003 
2009004 
2009006 
2009007 
2009008 
2009009 
2009010 
2009011 
2009012 
2009013 
2009014 
2009015 
2009016 
2009017 
2009018 
2009019 
2009020 
2009100 
2009101 
2009102 
2009103 
2009104 
2009105 
2009106 
2009107 
2009108 
2009109 
2009110 
2009111 
2009112 
2009113 
2009114 
2009115 
2009116 
2009117 
2009118 
2009119 
2009150 
2009151 
2009152 
2009153 
2009154 
2009155 
2009156 
2009200 
2009201 
2009250 
2009396 
2009397 
2009398 
2009400 
2009401 
2009402 
2009403 
2009404 
2009405 
2009406 
2009407 
2009408 
2009409 
2009410 
2009411 
2009412 
2009413 
2009414 
2009417 
2009418 
2009419 
2009420 
2009421 
2009422 
2009423 
2009424 
2009425 
2009426 
2009427 
2009428 
2009429 
2009430 
2009431 
2009432 
2009433 
2009434 
2009436 
2009437 
2009438 
2009440 
2009441 
2009442 
2009443 
2009444 
2009445 
2009446 
2009447 
2009448 
2009449 
2009450 
2009451 
2009452 
2009453 
2009454 
2009456 
2009457 
2009458 
2009460 
2009461 
2009462 
2009463 
2009464 
2009465 
2009466 
2009467 
2009468 
2009469 
2009470 
2009471 
2009472 
2009473 
2009474 
2009476 
2009477 
2009478 
2009480 
2009481 
2009482 
2009483 
2009484 
2009485 
2009486 
2009487 
2009488 
2009489 
2009490 
2009491 
2009492 
2009493 
2009494 
2009496 
2009497 
2009498 
2009500 
2009501 
2009502 
2009503 
2009504 
2009505 
2009506 
2009507 
2009508 
2009509 
2009510 
2009511 
2009512 
2009513 
2009514 
2009517 
2009518 
2009519 
2009520 
2009521 
2009522 
2009523 
2009524 
2009525 
2009526 
2009527 
2009528 
2009529 
2009530 
2009531 
2009532 
2009533 
2009534 
2009536 
2009537 
2009538 
2009539 
2009540 
2009541 
2009542 
2009543 
2009544 
2009545 
2009546 
2009547 
2009548 
2009549 
2009550 
2009551 
2009552 
2009553 
2009901 
2009906 
2009914 
2009920 
2009921 
2009997 
2009998 
2009999 
2018560 
2018561 
2018562 
2018563 
2018580 
2018600 
2018610 
2018620 
2018630 
2018640 
2018650 
2018730 
2018740 
2018760 
2018770 
2018780 
2018800 
2018801 
2018802 
2018803 
2018804 
2018805 
2018810 
2018811 
2018820 
2018821 
2018830 
2018831 
2018832 
2018833 
2018834 
2018835 
2018860 
2018861 
2018862 
2018863 
2018864 
2018865 
2019050 
2019051 
2019052 
2019053 
2019054 
2019055 
2019640 
2019641 
2019643 
2019644 
2019897 
2019898 
2019899 
2019900 
2019901 
2019902 
2019903 
2019904 
2019905 
2019906 
2019907 
2019908 
2019909 
2019910 
2019911 
2019912 
2019913 
2019914 
2019915 
2019916 
2019917 
2019918 
2019919 
2019920 
2019921 
2019922 
2019923 
2019924 
2019925 
2019926 
2019927 
2019928 
2019929 
2019930 
2019931 
2019932 
2019933 
2019934 
2019935 
2019936 
2019937 
2019938 
2019939 
2019940 
2019941 
2019942 
2019943 
2019944 
2019945 
2019946 
2019947 
2019948 
2019949 
2019950 
2019951 
2019952 
2019953 
2019954 
2024030 Drake Warrior Igon (Co-op) (Jagged Peak)
2024032 Igon (NPC)
2024060 Dragon Communion Priestess (NPC)
2024061 
2024070 Ancient Dragon-Man (Boss) (Dragon's Pit)
2024071 Ancient Dragon-Man (Invader) (Gravesite Plain - North of Scorched Ruins)
2024090 Swordhand of Night Jolan (NPC)
2024091 Swordhand of Night Jolan (Invader) (Cathedral of Manus Metyr)
2024092 
2024093 
2024120 Swordhand of Night Anna (Invader) (Finger Ruins of Miyr)
2024121 Swordhand of Night Anna (NPC)
2024130 Fire Knight Queelign (NPC)
2024131 Fire Knight Queelign (Invader) (Church of the Crusade)
2024132 
2024140 Hornsent (NPC)
2024141 Hornsent (Invader) (Ancient Ruins of Rauh - Rot Ruins)
2024150 Moore (NPC)
2024151 Moore (Invader)
2024152 Moore (Boss) (Enir-Ilim)
2024160 Sir Ansbach (NPC)
2024161 Sir Ansbach (Invasion) (Specimen Storehouse)
2024162 Pureblood Knight Ansbach (NPC) (Enir-Ilim)
2024170 Redmane Freyja (NPC)
2024171 Redmane Freyja (Co-op)
2024172 
2024173 Redmane Freyja (NPC) (Enir-Ilim)
2024174 Redmane Freyja (Boss) (Enir-Ilim)
2024180 Needle Knight Leda (NPC)
2024181 Needle Knight Leda (Co-op)
2024182 Needle Knight Leda (Invasion Target)
2024183 Needle knight Leda (Boss) (Enir-Ilim)
2024190 Thiollier (NPC)
2024191 Thiollier (Co-op)
2024192 Thiollier (Invader) (Stone Coffin Fissure)
2024193 Thiollier (NPC) (Stone Coffin Fissure)
2024194 Thiollier (NPC) (Enir-Ilim)
2024200 Count Ymir, High Priest (NPC) (Cathedral of Manus Metyr)
2024201 Count Ymir, Mother of Fingers (Boss)
2024210 (Tarnished) Red Bear (Boss) (Northern Nameless Mausoleum)
2024220 Dancer of Ranah (Boss) (Southern Nameless Mausoleum)
2024230 Rakshasa (Boss) (Western Nameless Mausoleum)
2024240 Knight of the Solitary Gaol (Boss) (Western Nameless Mausoleum)
2024250 Dryleaf Dane (NPC)
2024251 Dryleaf Dane (Combat Set)
2024252 Dryleaf Dane (Boss) (Enir-Ilim)
2024260 Sanguine Noble Nataan (Helpful Spirit) (Enir-Ilim)
2024270 Lamenter (Boss) (Lamenter's Gaol)
2024271 Lamenter (Illusion) (Lamenter's Gaol)
2024280 Greater Potentate (Bonny Village)
2024290 Madding Hand (Woodland Trail)
2024310 Logur, the Beast Claw (Gravesite Plain - South of Scorched Ruins)
2024320 Moonrithyll, Carian Knight (West Castle Ensis)
2029997 
2029998 
2029999 
2030000 
2039997 
2039998 
2039999 
2040000 
2040040 
2040060 
2040080 
2040090 
2040120 
2040130 
2040140 
2040150 
2040160 
2040170 
2040220 
2040270 
2040280 
2040290 
2040310 
2040320 
2040330 
2040360 
2040370 
2040380 
2040390 
2040400 
2040430 
2040440 
2040450 
2040490 
2040510 
2040520 
2040530 
2040540 
2040550 
2049900 
2049901 
2049902 
2999999 
