0 
10000010 
10000020 
10000030 
10000040 
10000050 
10010000 
10010001 
11000040 
11050010 
11050020 
12010000 
12010001 
12020000 
12020001 
12030010 
12030011 
12030020 
12030021 
12050020 
12060000 
13000010 
13000040 
13000050 
13000060 
14000000 
14000010 
15000000 
15000010 
16000000 
16000010 
16000020 
19000000 
19000010 
19000011 
19000020 
19000021 
19000030 
19000031 
19000040 
19000050 
19000060 
19000061 
19000070 
19000071 
19000080 
19000081 
20000000 
20000001 
20010000 
20010010 
20010020 
21000000 
21000010 
21000020 
21010000 
21010010 
22000000 
22000010 
22000020 
28000000 
31000000 
31000001 
34110000 
34110001 
34110010 
35000000 
35000010 
35000020 
60370000 
60380000 
60380001 
60380010 
60380011 
60420000 
60420001 
60420002 
60420003 
60420004 
60420005 
60420006 
60420007 
60430000 
60490000 
60490001 
60490010 
60490011 
60490020 
60490021 
60490030 
60490031 
60500000 
60510000 
60510010 
60510011 
60520010 
60540000 
60540001 
60540010 
60540011 
61440000 
99990010 
99990020 
99990030 
99990040 
99999901 
99999902 
