0 
1 Mimic Tear
2 
3 
4 
5 
6 
7 
8 
9 
10 
11 
12 
13 
14 
20 
21 
22 
23 
24 
25 
26 
27 
28 
29 
342 
1000 
1001 
1002 
1003 
1004 
1005 
1006 
1007 
1008 
1009 
2000 
2001 
2002 
2003 
2004 
2005 
2006 
2007 
2008 
2009 
3100 
3101 
3102 
3103 
3104 
3105 
3106 
3107 
3108 
3109 
3110 
3111 
3112 
3113 
3114 
3115 
3116 
3117 
3118 
3119 
9999 
10000 
10001 
10002 
10003 
10004 
10005 
10006 
10007 
10008 
10009 
10010 
10011 
10012 
10013 
10014 
10015 
10016 
10017 
10018 
10019 
10020 
10021 
10022 
10023 
10024 
10025 
10026 
10027 
10028 
10029 
10030 
10031 
10032 
10033 
10034 
10035 
10036 
10037 
10038 
10039 
10040 
10041 
10042 
10043 
10044 
10045 
10046 
10047 
10048 
10049 
10050 
10051 
10052 
10053 
10054 
10055 
10056 
10057 
10058 
10059 
10060 
10061 
10062 
10063 
10064 
10065 
10066 
10067 
10068 
10069 
10070 
10071 
10072 
10073 
10074 
10075 
10076 
10077 
10078 
10079 
10080 
10081 
10082 
10083 
10084 
10085 
10086 
10087 
10088 
10089 
10090 
10091 
10092 
10093 
10094 
10095 
10096 
10097 
10098 
10099 
10100 
10101 
10102 
10103 
10104 
10105 
10106 
10107 
10108 
10109 
10110 
10111 
10112 
10113 
10114 
10115 
10116 
10117 
10118 
10119 
10120 
10121 
10122 
10123 
10124 
10125 
10126 
10127 
10128 
10129 
10130 
10131 
10132 
10133 
10134 
10135 
10136 
10137 
10138 
10139 
10140 
10141 
10142 
10143 
10144 
10145 
10146 
10147 
10148 
10149 
10150 
10151 
10152 
10153 
10154 
10155 
10156 
10157 
10158 
10159 
10160 
10161 
10162 
10163 
10164 
10165 
10166 
10167 
10168 
10169 
10170 
10171 
10172 
10173 
10174 
10175 
10176 
10177 
10178 
10179 
10180 
10181 
10182 
10183 
10184 
10185 
10186 
10187 
10188 
10189 
10190 
10191 
10192 
10193 
10194 
10195 
10196 
10197 
10198 
10199 
10200 
10201 
10202 
10203 
10204 
10205 
10206 
10207 
10208 
10209 
10210 
10211 
10212 
10213 
10214 
10215 
10216 
10217 
10218 
10219 
10220 
23000 Tanith, Volcano Manor Proprietress
23010 White Mask Varré
23020 
23030 
23040 Festering Fingerprint Vyke
23050 
23060 
23070 Preceptor Seluvis
23080 
23090 Patches
23100 Finger Maiden Hyetta
23110 Edgar the Revenger
23120 Witch-Hunter Jerren
23130 Rya the Scout
23140 Knight Diallos
23150 Human
23160 Sorceress Sellen
23162 Sorceress Sellen
23170 
23180 Shabriri
23190 D, Hunter of the Dead
23192 D, Beholder of Death
23200 Roderika
23210 Kenneth Haight, Limgrave Heir
23220 Fia, Deathbed Companion
23230 Dung Eater
23240 Sir Gideon Ofnir, the All-Knowing
23250 Sorcerer Rogier
23260 Recusant Bernahl
23270 Eleonora, Violet Bloody Finger
23280 
23290 Lionel the Lionhearted
23300 
23310 Blackguard
23320 Rykard-Hating Ghost
23330 Sorcerer Thops
23340 Nepheli Loux, Warrior
23350 
23360 Vyke's Finger Maiden
23370 
23380 Finger Maiden
23390 Ensha of the Royal Remains
23400 Bloody Finger Ravenmount Assassin
23410 
23420 Boc the Seamster
23430 Bloody Finger Nerijus
23440 Great Horned Tragoth
23450 Old Knight Istvan
23460 Rileigh the Idle
23470 Juno Hoslow, Knight of Blood
23480 Millicent
23481 Millicent
23490 Sage Gowry
23500 
23510 Scribe Corhyn
23520 Preceptor Miriam
23530 Anastasia, Tarnished-Eater
23540 
23550 Okina
23560 Adan, Thief of Fire
23570 
23580 
23590 Moongrum, Carian Knight
23600 Vargram the Raging Wolf
23610 Fia's Champion 1
23611 Fia's Champion 1
23612 Fia's Champion 1
23620 
23630 Finger Maiden Therolina
23640 Dolores the Sleeping Arrow
23650 Jarwight
23660 
23670 Inaba, Disciple of Okina
23680 Silver Tear
23681 Silver Tear
23682 Silver Tear
23683 Silver Tear
23690 Recusant Henricus
23700 
23710 
23720 Maleigh Marais, Shaded Castle Castellan
23730 Knight of the Great Jar
23740 Knight of the Great Jar
23750 Knight of the Great Jar
23760 Necromancer Garris
23770 Nameless White Mask
23780 
23790 
23800 Errant Sorcerer Wilhelm
23810 
23820 Chief Guardian Arghanthy
23830 Flame Guardian
23840 Inquisitor Ghiza
23850 Mad Tongue Alberich
23860 Esgar, Priest of Blood
23870 Mary, Eldest Sister
23880 Maureen, Second Sister
23890 Amy, Third Sister
23900 Polyanna, Youngest Sister
23910 Magnus the Beast Claw
27000 Stormhill Colosseum Silent Spirit
27001 Caria Manor Silent Spirit
27002 Dragonbarrow Silent Spirit
27003 
27900 Human
30000 
30001 
30019 
30020 
30021 
30022 
30023 
30024 
30025 
30026 
30027 
30028 
30029 
30030 
30031 
30032 
30033 
30034 
30035 
30036 
30037 
30038 
30039 
30040 
30041 
30042 
30043 
30044 
30045 
30046 
30047 
30048 
30049 
30050 
30051 
30052 
30053 
30054 
30055 
30056 
30057 
30058 
30059 
30060 
30061 
30062 
30063 
30064 
30065 
30066 
30067 
30068 
30069 
30070 
30071 
30072 
30073 
30074 
30075 
30076 
30077 
30078 
30079 
30080 
30081 
30082 
30083 
30084 
30085 
30086 
30087 
30088 
30089 
30090 
30091 
30092 
30093 
30094 
30095 
30096 
30097 
30098 
30099 
30100 
30101 
30102 
30103 
30104 
30105 
30106 
30107 
30108 
30109 
30110 
30111 
30112 
30113 
30114 
30115 
30116 
30117 
30118 
30119 
30120 
30121 
30122 
30123 
30124 
30125 
30126 
30127 
30128 
30129 
30130 
30131 
30132 
30133 
30134 
30135 
30136 
30137 
80000 
81000 
81001 
81002 
81003 
90000 
90001 
90002 
90003 
90004 
90005 
91000 
91001 
91002 
91003 
91004 
91005 
91006 
91007 
91008 
91009 
91010 
91011 
99991 
99992 
2024030 
2024032 
2024060 
2024070 
2024090 
2024120 
2024130 
2024140 
2024150 
2024160 
2024170 
2024180 
2024190 
2024200 
2024201 
2024210 
2024220 
2024230 
2024240 
2024250 
2024260 
2024270 
2024280 
2024290 
2024310 
2024320 
