0 
100 
101 
102 
103 
104 
105 
110 
111 
112 
113 
120 
121 
130 
131 
132 
140 
150 
151 
152 
153 
155 
156 
157 
158 
160 
161 
162 
163 
165 
166 
167 
168 
199 
200 
201 
202 
203 
204 
205 
209 
210 
220 
221 
222 
223 
235 
300 
301 
302 
310 
311 
312 
313 
314 
315 
316 
317 
318 
319 
320 
321 
322 
326 
327 
328 
329 
330 
331 
332 
333 
334 
338 
339 
340 
341 
342 
343 
344 
345 
346 
347 
348 
349 
350 
351 
360 
361 
362 
363 
364 
365 
366 
367 
368 
369 
370 
371 
372 
373 
374 
380 
381 
385 
386 
387 
388 
389 
390 
391 
392 
393 
395 
396 
397 
398 
399 
400 
401 
402 
403 
404 
405 
406 
411 
412 
413 
414 
415 
416 
417 
418 
420 
421 
430 
431 
432 
433 
434 
435 
436 
437 
500 
501 
502 
503 
504 
505 
506 
520 
521 
600 
601 
610 
611 
612 
613 
614 
615 
620 
621 
622 
623 
624 
700 
701 
702 
710 
711 
712 
800 
801 
802 
803 
810 
811 
820 
821 
822 
900 
901 
902 
903 
904 
910 
911 
912 
913 
914 
10000 
10001 
10002 
10003 
10004 
10005 
10006 
10007 
10008 
10009 
10010 
10011 
10012 
10013 
10014 
10020 
10021 
10100 
10101 
10102 
10103 
10104 
10105 
10106 
10107 
10108 
10109 
10200 
10201 
10202 
10203 
10204 
10205 
10206 
10207 
10208 
10209 
10210 
10211 
10212 
10213 
10214 
10215 
10216 
10217 
10218 
10219 
10224 
10225 
10226 
10228 
10229 
10242 
10243 
10244 
10245 
10258 
10259 
10260 
10261 
10262 
10270 
10271 
10272 
10273 
10274 
10275 
10276 
10280 
10281 
10282 
10283 
10284 
10285 
10286 
20300 
20301 
20302 
20303 
20400 
20401 
20600 
20800 
20801 
30000 
30001 
39999 
100000 
