0 
100 
101 
200 
201 
202 
300 
301 
302 
303 
304 
1202000 
1202001 
1202002 
1202003 
1202004 
1202005 
1202006 
1202007 
1202008 
1202009 
1202010 
1202011 
1202012 
1202013 
1202014 
1202015 
1202016 
1202017 
1202018 
1202019 
1202020 
1202020 
1202021 
1202022 
1202023 
1202024 
1202025 
1202026 
1202027 
1202028 
1202029 
1202030 
1202031 
1202032 
1202033 
1202034 
1202035 
1202036 
1202037 
1202038 
1202039 
1202040 
1202041 
1202042 
1202043 
1202044 
1202045 
1202046 
1202047 
1202048 
1202049 
1202050 
1202051 
1202052 
1202053 
1202054 
1202055 
1202056 
1202057 
1202058 
1202059 
1202060 
1202061 
1202062 
1202063 
1202064 
1202065 
1202066 
1202067 
1202068 
1202069 
1202070 
1202071 
1202072 
1202073 
1202074 
1202075 
1202076 
1202077 
1202078 
1202079 
1202080 
1202081 
1202082 
1202083 
1202084 
1202085 
1202086 
1202087 
1202088 
1202089 
1202090 
1202091 
1202092 
1202093 
1202094 
1202095 
1202096 
1202097 
1202098 
1202099 
1202100 
1202101 
1202102 
1202103 
1202104 
1202105 
1202106 
1202107 
1202108 
1202109 
1202110 
9902000 
9902001 
9902002 
603340000 
603340001 
603340002 
603340003 
603340004 
603340005 
603340006 
603340007 
603340008 
603340009 
603340010 
603340011 
603340012 
603340013 
603340014 
603340015 
603341000 
603341001 
603341002 
603341003 
603341004 
603341005 
603341006 
603341007 
603341008 
603341009 
603341010 
603341011 
603341012 
603341013 
603341014 
603341015 
603341016 
603341017 
603341018 
603341019 
603341020 
603341021 
603341022 
603341023 
603341024 
603341025 
603341026 
603341027 
603342000 
603342001 
603342002 
603342003 
603342004 
603342005 
603342006 
603342007 
603342008 
603342009 
603342010 
603342011 
603342012 
603342013 
603342014 
603342015 
603342016 
603342017 
603342018 
603342019 
603342020 
603342021 
603342022 
603342023 
603342024 
603342025 
603342026 
603342027 
603342028 
603342029 
603342030 
603342031 
603343000 
603343001 
603343002 
603343003 
603343004 
603343005 
603343006 
603343007 
603343008 
603343009 
603343010 
603343011 
603343012 
603343013 
603343014 
603343015 
603343016 
603343017 
603343018 
603343019 
603343020 
603343021 
603343022 
603343023 
603343024 
603343025 
603343026 
603343027 
603343028 
603343029 
603343030 
603343031 
603343032 
603343033 
603343034 
603344000 
603344001 
603344002 
603344003 
603344004 
603344005 
603344006 
603344007 
603344008 
603344009 
603344010 
603344011 
603344012 
603344013 
603344014 
603344015 
603344016 
603344017 
603344018 
603344019 
603345000 
603345001 
603345002 
603345003 
603345004 
603345005 
603345006 
603345007 
603345008 
603345009 
603345010 
603345011 
603345012 
603345013 
603345014 
603345015 
603345016 
603345017 
603345018 
603345019 
603345020 
603345021 
603345022 
603346000 
603346001 
603346002 
603346003 
603346004 
603346005 
603346006 
603346007 
603346008 
603346009 
603346010 
603346011 
603346012 
603346013 
603346014 
603346015 
603346016 
603347000 
603347001 
603347002 
603347003 
603347004 
603347005 
603347006 
603347007 
603347008 
603347009 
603347010 
603347011 
603347012 
603347013 
603347014 
603347015 
603347016 
603347017 
603347018 
603347019 
603347020 
603347021 
603347022 
603347023 
603347024 
603347025 
603347026 
603347027 
603348000 
603348001 
603348002 
603348003 
603348004 
603348005 
603441000 
603441001 
603441002 
603441003 
603441004 
603441005 
603441006 
603441007 
603441008 
603441009 
603441010 
603441011 
603441012 
603441013 
603441014 
603441015 
603441016 
603441017 
603441018 
603441019 
603441020 
603441021 
603441022 
603441023 
603441024 
603441025 
603441026 
603441027 
603441028 
603441029 
603441030 
603441031 
603441032 
603441033 
603441034 
603441035 
603441036 
603441037 
603441038 
603441039 
603441040 
603442000 
603442001 
603442002 
603442003 
603442004 
603442005 
603442006 
603442007 
603442008 
603442009 
603442010 
603442011 
603442012 
603442013 
603442014 
603442015 
603442016 
603442017 
603442018 
603442019 
603442020 
603442021 
603442022 
603442023 
603442024 
603442025 
603442026 
603442027 
603442028 
603442029 
603442030 
603442031 
603442032 
603442033 
603442034 
603442035 
603442036 
603442037 
603442038 
603442039 
603442040 
603443000 
603443001 
603443002 
603443003 
603443004 
603443005 
603443006 
603443007 
603443008 
603443009 
603443010 
603443011 
603443012 
603443013 
603443014 
603443015 
603443016 
603443017 
603443018 
603443019 
603443020 
603443021 
603443022 
603443023 
603443024 
603443025 
603443026 
603443027 
603443028 
603443029 
603443030 
603444000 
603444001 
603444002 
603444003 
603444004 
603444005 
603444006 
603444007 
603444008 
603444009 
603444010 
603444011 
603444012 
603444013 
603444014 
603444015 
603444016 
603444017 
603444018 
603444019 
603444020 
603444021 
603445000 
603445001 
603445002 
603445003 
603445004 
603445005 
603445006 
603445007 
603445008 
603445009 
603445010 
603445011 
603445012 
603445013 
603445014 
603445015 
603445016 
603445017 
603445018 
603445019 
603445020 
603446000 
603446001 
603446002 
603446003 
603446004 
603446005 
603446006 
603446007 
603446008 
603446009 
603446010 
603446011 
603446012 
603446013 
603446014 
603446015 
603446016 
603446017 
603447000 
603447001 
603447002 
603447003 
603447004 
603447005 
603447006 
603447007 
603447008 
603447009 
603447010 
603447011 
603447012 
603447013 
603447014 
603447015 
603447016 
603447017 
603447018 
603447019 
603447020 
603447021 
603447022 
603447023 
603447024 
603447025 
603447026 
603447027 
603447028 
603447029 
603447030 
603447031 
603447032 
603447033 
603447034 
603447035 
603447036 
603447037 
603447038 
603447039 
603447040 
603447041 
603447042 
603447043 
603447044 
603447045 
603447046 
603447047 
603447048 
603448000 
603448001 
603448002 
603448003 
603448004 
603448005 
603448006 
603448007 
603448008 
603448009 
603448010 
603448011 
603448012 
603448013 
603448014 
603448015 
603448016 
603448017 
603448018 
603448019 
603448020 
603448021 
603448022 
603448023 
603448024 
603448025 
603449000 
603449001 
603449002 
603449003 
603449004 
603449005 
603449006 
603449007 
603449008 
603449009 
603449010 
603449011 
603449012 
603449013 
603449014 
603449015 
603449016 
603449017 
603449018 
603449019 
603449020 
603449021 
603449022 
603449023 
603449024 
603449025 
603450000 
603450001 
603450002 
603450003 
603450004 
603450005 
603450006 
603450007 
603450008 
603450009 
603450010 
603450011 
603450012 
603450013 
603450014 
603450015 
603450016 
603450017 
603451000 
603451001 
603451002 
603451003 
603451004 
603451005 
603451006 
603451007 
603451008 
603541000 
603541001 
603541002 
603541003 
603541004 
603541005 
603541006 
603541007 
603541008 
603541009 
603541010 
603541011 
603541012 
603541013 
603541014 
603541015 
603541016 
603541017 
603541018 
603541019 
603541020 
603541021 
603541022 
603541023 
603541024 
603541025 
603541026 
603541027 
603541028 
603541029 
603541030 
603541031 
603541032 
603541033 
603541034 
603541035 
603541036 
603541037 
603541038 
603541039 
603541040 
603541041 
603542000 
603542001 
603542002 
603542003 
603542004 
603542005 
603542006 
603542007 
603542008 
603542009 
603542010 
603542011 
603542012 
603542013 
603542014 
603542015 
603542016 
603542017 
603542018 
603542019 
603542020 
603542021 
603542022 
603542023 
603542024 
603542025 
603542026 
603542027 
603542028 
603542029 
603542030 
603542031 
603542032 
603542033 
603542034 
603542035 
603542036 
603542037 
603542037 
603542038 
603542038 
603542039 
603542039 
603542040 
603542040 
603542041 
603542041 
603542042 
603542042 
603542043 
603542043 
603542044 
603542044 
603542045 
603542045 
603543000 
603543001 
603543002 
603543003 
603543004 
603543005 
603543006 
603543007 
603543008 
603543009 
603543010 
603543011 
603543012 
603543013 
603543014 
603544000 
603544001 
603544002 
603544003 
603544004 
603544005 
603544006 
603544007 
603544008 
603544009 
603544010 
603544011 
603544012 
603544013 
603544014 
603545000 
603545001 
603545002 
603545003 
603545004 
603545005 
603545006 
603545007 
603545008 
603545009 
603546000 
603546001 
603546002 
603546003 
603546004 
603546005 
603546006 
603546007 
603546008 
603546009 
603546010 
603546011 
603546012 
603546013 
603546014 
603546015 
603547000 
603547001 
603547002 
603547003 
603547004 
603547005 
603547006 
603547007 
603547008 
603547009 
603547010 
603547011 
603547012 
603547013 
603547014 
603547015 
603547016 
603547017 
603547018 
603547019 
603547020 
603547021 
603547022 
603547023 
603547024 
603547025 
603547026 
603547027 
603547028 
603547029 
603547030 
603547031 
603547032 
603547033 
603547034 
603547035 
603547036 
603547037 
603547038 
603547039 
603548000 
603548001 
603548002 
603548003 
603548004 
603548005 
603548006 
603548007 
603548008 
603548009 
603548010 
603548011 
603548012 
603548013 
603548014 
603548015 
603548016 
603548017 
603548018 
603548019 
603548020 
603548021 
603548022 
603548023 
603548024 
603548025 
603548026 
603548027 
603548028 
603548029 
603548030 
603548031 
603548032 
603548033 
603548034 
603548035 
603548036 
603548037 
603548038 
603548039 
603548040 
603548041 
603548042 
603548043 
603548044 
603548045 
603549000 
603549001 
603549002 
603549003 
603549004 
603549005 
603549006 
603549007 
603549008 
603549009 
603549010 
603549011 
603549012 
603549013 
603549014 
603549015 
603549016 
603549017 
603549018 
603549019 
603549020 
603549021 
603549022 
603549023 
603549024 
603549025 
603549026 
603549027 
603550000 
603550001 
603550002 
603550003 
603550004 
603550005 
603551000 
603551001 
603551002 
603551003 
603551004 
603551005 
603551006 
603551007 
603551008 
603551009 
603551010 
603551011 
603551012 
603551013 
603551014 
603551015 
603551016 
603551017 
603551018 
603551019 
603551020 
603552000 
603552001 
603552002 
603552003 
603552004 
603552005 
603552006 
603553001 
603553002 
603553003 
603553004 
603553005 
603553006 
603553007 
603553008 
603553009 
603553010 
603553011 
603553012 
603553013 
603553014 
603553015 
603553016 
603554000 
603554001 
603554002 
603554003 
603554004 
603554005 
603554006 
603554007 
603554008 
603554009 
603554010 
603554011 
603554012 
603554013 
603554014 
603554015 
603554016 
603554017 
603554018 
603554019 
603554020 
603554021 
603554022 
603554023 
603554024 
603554025 
603554026 
603554027 
603641000 
603641001 
603641002 
603641003 
603641004 
603641005 
603641006 
603641007 
603641008 
603641009 
603641010 
603641011 
603641012 
603641013 
603641014 
603641015 
603641016 
603641017 
603641018 
603641019 
603641020 
603641021 
603641022 
603641023 
603641024 
603641025 
603641026 
603641027 
603641028 
603641029 
603641030 
603641031 
603642000 
603642001 
603642002 
603642003 
603642004 
603642005 
603642006 
603642007 
603642008 
603642009 
603642010 
603642011 
603642012 
603642013 
603642014 
603642015 
603642016 
603642017 
603642018 
603642019 
603642020 
603642021 
603642022 
603642023 
603642024 
603642025 
603642026 
603642027 
603642028 
603642029 
603642030 
603642031 
603642032 
603642033 
603642034 
603642035 
603642036 
603642037 
603642038 
603642039 
603642040 
603643000 
603643001 
603643002 
603643003 
603643004 
603643005 
603643006 
603643007 
603643008 
603643009 
603643010 
603643011 
603643012 
603643013 
603643014 
603643015 
603643016 
603643017 
603643018 
603643019 
603643020 
603643021 
603643022 
603643023 
603643024 
603643025 
603643026 
603643027 
603643028 
603643029 
603643030 
603643031 
603643032 
603643033 
603643034 
603643035 
603643036 
603643037 
603643038 
603643039 
603644000 
603644001 
603644002 
603644003 
603644004 
603644005 
603644006 
603644007 
603644008 
603644009 
603644010 
603644011 
603644012 
603644013 
603644014 
603644015 
603644016 
603644017 
603644018 
603644019 
603644020 
603644021 
603644022 
603644023 
603644024 
603644025 
603644026 
603644027 
603644028 
603644029 
603644030 
603644031 
603644032 
603644033 
603645000 
603645001 
603645002 
603645003 
603645004 
603645005 
603645006 
603645007 
603645008 
603645009 
603645010 
603645011 
603645012 
603645013 
603645014 
603645015 
603645016 
603645017 
603645018 
603645019 
603645020 
603645021 
603645022 
603645023 
603645024 
603645025 
603645026 
603645027 
603645028 
603645029 
603645030 
603645031 
603645032 
603645033 
603645034 
603645035 
603645036 
603645037 
603645038 
603645039 
603646000 
603646001 
603646002 
603646003 
603646004 
603646005 
603646006 
603646007 
603646008 
603646009 
603646010 
603646011 
603646012 
603646013 
603646014 
603646015 
603647000 
603647001 
603647002 
603647003 
603647004 
603647005 
603647006 
603647007 
603647008 
603647009 
603647010 
603647011 
603647012 
603647013 
603648000 
603648001 
603648002 
603648003 
603648004 
603648005 
603648006 
603648007 
603648008 
603648009 
603648010 
603648011 
603648012 
603648013 
603648014 
603648015 
603648016 
603648017 
603648018 
603648019 
603648020 
603648021 
603648022 
603648023 
603648024 
603648025 
603648026 
603648027 
603648028 
603648029 
603648030 
603649000 
603649001 
603649002 
603649003 
603649004 
603649005 
603649006 
603649007 
603649008 
603649009 
603649010 
603649011 
603649012 
603649013 
603649014 
603649015 
603649016 
603649017 
603649018 
603649019 
603649020 
603649021 
603649022 
603649023 
603649024 
603649025 
603650000 
603650001 
603650002 
603650003 
603650004 
603650005 
603650006 
603650007 
603650008 
603650009 
603650010 
603650011 
603650012 
603650013 
603650014 
603650015 
603650016 
603650017 
603650018 
603650019 
603650020 
603650021 
603650022 
603650023 
603650024 
603650025 
603650026 
603650027 
603650028 
603650029 
603650030 
603650031 
603651000 
603651001 
603651002 
603651003 
603651004 
603651005 
603652000 
603652001 
603652002 
603652003 
603652004 
603652005 
603652006 
603652007 
603652008 
603652009 
603652010 
603652011 
603652012 
603652013 
603652014 
603652015 
603652016 
603652017 
603652018 
603652019 
603652020 
603652021 
603653000 
603653001 
603653002 
603653003 
603653004 
603653005 
603653006 
603653007 
603653008 
603654000 
603654001 
603654002 
603654003 
603654004 
603654005 
603654006 
603654007 
603654008 
603654009 
603654010 
603654011 
603654012 
603654013 
603654014 
603654015 
603654016 
603654017 
603654018 
603654019 
603654020 
603654021 
603654022 
603654023 
603654024 
603654025 
603654026 
603654027 
603654028 
603654029 
603654030 
603654031 
603654032 
603654033 
603654034 
603741000 
603741001 
603741002 
603741003 
603741004 
603741005 
603741006 
603741007 
603741008 
603741009 
603741010 
603741011 
603741012 
603741013 
603741014 
603741015 
603741016 
603741017 
603741018 
603741019 
603741020 
603741021 
603741022 
603741023 
603741024 
603741025 
603741026 
603741027 
603741028 
603741029 
603741030 
603741031 
603741032 
603741033 
603741034 
603741035 
603741036 
603742000 
603742001 
603742002 
603742003 
603742004 
603742005 
603742006 
603742007 
603742008 
603742009 
603742010 
603742011 
603742012 
603742013 
603742014 
603742015 
603742016 
603743000 
603743001 
603743002 
603743003 
603743004 
603743005 
603743006 
603743007 
603743008 
603743009 
603743010 
603743011 
603743012 
603743013 
603743014 
603743015 
603743016 
603743017 
603743018 
603743019 
603743020 
603743021 
603743022 
603743023 
603743024 
603743025 
603743026 
603743027 
603743028 
603743029 
603743030 
603743031 
603743032 
603743033 
603743034 
603743035 
603743036 
603743037 
603743038 
603743039 
603744000 
603744001 
603744002 
603744003 
603744004 
603744005 
603744006 
603744007 
603744008 
603744009 
603744010 
603744011 
603744012 
603744013 
603744014 
603744015 
603744016 
603744017 
603744018 
603744019 
603744020 
603744021 
603744022 
603744023 
603744024 
603744025 
603744026 
603744027 
603744028 
603744029 
603744030 
603745000 
603745001 
603745002 
603745003 
603745004 
603745005 
603745006 
603745007 
603745008 
603745009 
603745010 
603745011 
603745012 
603745013 
603745014 
603745015 
603745016 
603745017 
603745018 
603745019 
603745020 
603745021 
603745022 
603745023 
603745024 
603745025 
603745026 
603745027 
603745028 
603745029 
603745030 
603745031 
603745032 
603745033 
603745034 
603745035 
603745036 
603745037 
603745038 
603745039 
603746000 
603746001 
603746002 
603746003 
603746004 
603746005 
603746006 
603746007 
603746008 
603746009 
603746010 
603746011 
603746012 
603746013 
603746014 
603746015 
603746016 
603746017 
603746018 
603746019 
603746020 
603746021 
603746022 
603746023 
603746024 
603746025 
603746026 
603746027 
603746028 
603747000 
603747001 
603747002 
603747003 
603747004 
603747005 
603747006 
603747007 
603747008 
603747009 
603747010 
603747011 
603747012 
603747013 
603747014 
603747015 
603747016 
603747017 
603747018 
603747019 
603747020 
603747021 
603747022 
603747023 
603747024 
603747025 
603747026 
603747027 
603747028 
603747029 
603748000 
603748001 
603748002 
603748003 
603748004 
603748005 
603748006 
603748007 
603748008 
603748009 
603748010 
603748011 
603748012 
603748013 
603748014 
603748015 
603748016 
603748017 
603748018 
603748019 
603748020 
603748021 
603748022 
603748023 
603748024 
603748025 
603748026 
603748027 
603748028 
603748029 
603748030 
603748031 
603748032 
603749000 
603749001 
603749002 
603749003 
603749004 
603749005 
603749006 
603749007 
603749008 
603749009 
603749010 
603749011 
603749012 
603749013 
603749014 
603749015 
603749016 
603749017 
603749018 
603749019 
603749020 
603749021 
603749022 
603749023 
603749024 
603749025 
603749026 
603749027 
603749028 
603749029 
603749030 
603749031 
603749032 
603749033 
603749034 
603749035 
603749036 
603749037 
603749038 
603749039 
603749040 
603750000 
603750001 
603750002 
603750003 
603750004 
603750005 
603750006 
603750007 
603750008 
603750009 
603750010 
603750011 
603751000 
603751001 
603751002 
603751003 
603751004 
603751005 
603751006 
603751007 
603751008 
603751009 
603751010 
603751011 
603751012 
603751013 
603751014 
603751015 
603751016 
603752000 
603752001 
603752002 
603752003 
603752004 
603752005 
603752006 
603752007 
603752008 
603752009 
603752010 
603752011 
603752012 
603752013 
603752014 
603752015 
603752016 
603752017 
603752018 
603752019 
603752020 
603752021 
603752022 
603752023 
603752024 
603752025 
603752026 
603752027 
603752028 
603752029 
603752030 
603752031 
603752032 
603752033 
603752034 
603752035 
603753000 
603753001 
603753002 
603753003 
603753004 
603753005 
603753006 
603753007 
603753008 
603753009 
603753010 
603753011 
603753012 
603753013 
603753014 
603753015 
603753016 
603753017 
603753018 
603753019 
603754000 
603754001 
603754002 
603754003 
603754004 
603754005 
603754006 
603754007 
603754008 
603754009 
603754010 
603754011 
603754012 
603754013 
603754014 
603754015 
603754016 
603754017 
603754018 
603754019 
603754020 
603755000 
603755001 
603755002 
603840000 
603840001 
603840002 
603840003 
603840004 
603840005 
603840006 
603840007 
603840008 
603840009 
603840010 
603840011 
603840012 
603840013 
603840014 
603840015 
603840016 
603840017 
603840018 
603840019 
603840020 
603840021 
603840022 
603840023 
603840024 
603840025 
603840026 
603840027 
603840028 
603840029 
603840030 
603840031 
603840032 
603840033 
603840034 
603840035 
603840036 
603840037 
603840038 
603840039 
603840040 
603840041 
603840042 
603840043 
603840044 
603840045 
603840046 
603840047 
603840048 
603840049 
603840050 
603840051 
603841000 
603841001 
603841002 
603841003 
603841004 
603841005 
603841006 
603841007 
603841008 
603841009 
603841010 
603841011 
603841012 
603841013 
603841014 
603841015 
603841016 
603841017 
603841018 
603841019 
603841020 
603841021 
603841022 
603841023 
603841024 
603841025 
603841026 
603841027 
603841028 
603841029 
603841030 
603841031 
603841032 
603841033 
603841034 
603841035 
603841036 
603841037 
603841038 
603841039 
603841040 
603841041 
603841042 
603841043 
603841044 
603841045 
603841046 
603841047 
603841048 
603841049 
603841050 
603841051 
603841052 
603841053 
603841054 
603841055 
603841056 
603841057 
603841058 
603841059 
603841060 
603841061 
603841062 
603841063 
603841064 
603841065 
603841066 
603841067 
603841068 
603841069 
603841070 
603842000 
603842001 
603842002 
603842003 
603842004 
603842005 
603842006 
603842007 
603842008 
603842009 
603842010 
603842011 
603842012 
603842013 
603842014 
603842015 
603842016 
603842017 
603842018 
603842019 
603842020 
603842021 
603842022 
603842023 
603842024 
603842025 
603842026 
603842027 
603842028 
603842029 
603842030 
603842031 
603842032 
603842033 
603842034 
603842035 
603842036 
603842037 
603842038 
603842039 
603842040 
603842041 
603842042 
603843000 
603843001 
603843002 
603843003 
603843004 
603843005 
603843006 
603843007 
603843008 
603843009 
603843010 
603843011 
603843012 
603843013 
603843014 
603843015 
603843016 
603843017 
603843018 
603843019 
603843020 
603843021 
603843022 
603843023 
603843024 
603843025 
603843026 
603843027 
603843028 
603843029 
603843030 
603843031 
603843032 
603843033 
603843034 
603843035 
603843036 
603843037 
603843038 
603843039 
603843040 
603843041 
603843042 
603843043 
603843044 
603843045 
603844000 
603844001 
603844002 
603844003 
603844004 
603844005 
603844006 
603844007 
603844008 
603844009 
603844010 
603844011 
603844012 
603844013 
603844014 
603844015 
603844016 
603844017 
603844018 
603844019 
603844020 
603844021 
603844022 
603844023 
603844024 
603844025 
603844026 
603844027 
603844028 
603844029 
603844030 
603844031 
603844032 
603844033 
603844034 
603844035 
603844036 
603844037 
603844038 
603844039 
603844040 
603844041 
603844042 
603844043 
603844044 
603844045 
603844046 
603844047 
603844048 
603844049 
603844050 
603844051 
603844052 
603844053 
603844054 
603844055 
603845000 
603845001 
603845002 
603845003 
603845004 
603845005 
603845006 
603845007 
603845008 
603845009 
603845010 
603845011 
603845012 
603845013 
603845014 
603845015 
603845016 
603845017 
603845018 
603845019 
603845020 
603845021 
603845022 
603845023 
603845024 
603845025 
603845026 
603845027 
603845028 
603845029 
603845030 
603845031 
603845032 
603845033 
603845034 
603845035 
603845036 
603845037 
603845038 
603845039 
603845040 
603845041 
603845042 
603845043 
603845044 
603845045 
603845046 
603845047 
603846000 
603846001 
603846002 
603846003 
603846004 
603846005 
603846006 
603846007 
603846008 
603846009 
603846010 
603846011 
603846012 
603846013 
603846014 
603846015 
603846016 
603846017 
603846018 
603846019 
603846020 
603846021 
603846022 
603846023 
603846024 
603846025 
603846026 
603846027 
603846028 
603846029 
603846030 
603846031 
603846032 
603846033 
603846034 
603846035 
603846036 
603846037 
603846038 
603846039 
603846040 
603846041 
603846042 
603846043 
603846044 
603846045 
603846046 
603846047 
603847000 
603847001 
603847002 
603847003 
603847004 
603847005 
603847006 
603847007 
603847008 
603847009 
603847010 
603847011 
603847012 
603847013 
603847014 
603847015 
603847016 
603847017 
603847018 
603847019 
603847020 
603847021 
603847022 
603847023 
603847024 
603847025 
603847026 
603847027 
603847028 
603847029 
603847030 
603848000 
603848001 
603848002 
603848003 
603848004 
603848005 
603848006 
603848007 
603848008 
603848009 
603848010 
603848012 
603848012 
603848013 
603848014 
603848015 
603848016 
603848017 
603848018 
603848019 
603848020 
603848021 
603848022 
603848023 
603848024 
603848025 
603848026 
603848027 
603849000 
603849001 
603849002 
603849003 
603849004 
603849005 
603849006 
603849007 
603849008 
603849009 
603849010 
603849011 
603849012 
603849013 
603849013 
603849014 
603849015 
603849016 
603849017 
603849018 
603849019 
603849020 
603849021 
603849022 
603849023 
603849024 
603849025 
603849026 
603850000 
603850001 
603850002 
603851000 
603851001 
603851002 
603851003 
603851004 
603851005 
603851006 
603851007 
603852000 
603852001 
603852002 
603852003 
603852004 
603852005 
603852006 
603852007 
603852008 
603852009 
603852010 
603852011 
603852012 
603852013 
603852014 
603854000 
603854001 
603854002 
603854003 
603854004 
603854005 
603854006 
603854007 
603854008 
603854009 
603854010 
603854011 
603939000 
603939001 
603939002 
603939003 
603939004 
603939005 
603939006 
603940000 
603940001 
603940002 
603940003 
603940004 
603940005 
603940006 
603940007 
603940008 
603940009 
603940010 
603940011 
603940012 
603940013 
603940014 
603940015 
603940016 
603940017 
603940018 
603940019 
603940020 
603940021 
603940022 
603940023 
603940024 
603940025 
603940026 
603940027 
603940028 
603940029 
603940030 
603940031 
603940032 
603940033 
603940034 
603940035 
603940036 
603940037 
603940038 
603940039 
603940040 
603940041 
603940042 
603940043 
603940044 
603940045 
603940046 
603940047 
603940047 
603940048 
603940049 
603940050 
603940051 
603940052 
603940053 
603940054 
603941000 
603941001 
603941002 
603941003 
603941004 
603941005 
603941006 
603941007 
603941008 
603941009 
603941010 
603941011 
603941012 
603941013 
603941014 
603941015 
603941016 
603941017 
603941018 
603941019 
603941020 
603941021 
603941022 
603941023 
603941024 
603941025 
603941026 
603941027 
603941028 
603941029 
603941030 
603941031 
603941032 
603941033 
603941034 
603941035 
603941036 
603941037 
603941038 
603941039 
603941040 
603941041 
603941042 
603941043 
603941044 
603941045 
603941046 
603941047 
603941048 
603941049 
603941050 
603941051 
603941052 
603941053 
603941054 
603941055 
603941056 
603942000 
603942001 
603942002 
603942003 
603942004 
603942005 
603942006 
603942007 
603942008 
603942009 
603942010 
603942011 
603942012 
603942013 
603942014 
603942015 
603942016 
603942017 
603942018 
603942019 
603942020 
603942021 
603942022 
603942023 
603942024 
603942025 
603942026 
603942027 
603942028 
603942029 
603942030 
603942031 
603942032 
603942033 
603942034 
603942035 
603942036 
603943000 
603943001 
603943002 
603943003 
603943004 
603943005 
603943006 
603943007 
603943008 
603943009 
603943010 
603943011 
603943012 
603943013 
603943014 
603943015 
603943016 
603943017 
603943018 
603943019 
603943020 
603943021 
603943022 
603943023 
603944000 
603944001 
603944002 
603944003 
603944004 
603944005 
603944006 
603944007 
603944008 
603944009 
603944010 
603944011 
603944012 
603944013 
603944014 
603944015 
603944016 
603944017 
603944018 
603944019 
603944020 
603944021 
603944022 
603944023 
603944024 
603944025 
603944026 
603944027 
603944028 
603944029 
603944030 
603944031 
603944032 
603945000 
603945001 
603945002 
603945003 
603945004 
603945005 
603945006 
603945007 
603945008 
603945009 
603945010 
603945011 
603945012 
603946000 
603946001 
603946002 
603946003 
603946004 
603946005 
603946006 
603946007 
603946008 
603946009 
603946010 
603948000 
603948001 
603948002 
603948003 
603948004 
603948005 
603949000 
603949001 
603949002 
603949003 
603949004 
603949005 
603949006 
603949007 
603949008 
603949009 
603949010 
603949011 
603949012 
603949013 
603949014 
603949015 
603950000 
603950001 
603950002 
603950003 
603950004 
603950005 
603952000 
603952001 
603952002 
603952003 
603952004 
603952005 
603952006 
603952007 
603952008 
603952009 
603952010 
603952011 
603952012 
603952013 
603953000 
603953001 
603953002 
603953003 
603953004 
603953005 
603953006 
603953007 
603953008 
603953009 
603953010 
603953011 
603953012 
603953013 
603953014 
603953015 
604037000 
604037001 
604037002 
604037003 
604037004 
604037005 
604037006 
604037007 
604037008 
604037009 
604037010 
604037011 
604037012 
604052000 
604052001 
604052002 
604052003 
604052004 
604052005 
604053000 
604053001 
604053002 
604053003 
604053004 
604053005 
604053006 
604053007 
604053008 
604053009 
604053010 
604053011 
604053012 
604053013 
604053014 
604053015 
604053016 
604053017 
604053018 
604053019 
604053020 
604053021 
604053022 
604053023 
604053024 
604053025 
604053026 
604053027 
604053028 
604053029 
604053030 
604053031 
604053032 
604054000 
604054001 
604054002 
604054003 
604054004 
604054005 
604054006 
604054007 
604054008 
604054009 
604054010 
604054011 
604054012 
604054013 
604054014 
604055000 
604055001 
604055002 
604055003 
604055004 
604055005 
604055006 
604132000 
604132001 
604132002 
604132003 
604132004 
604132005 
604132006 
604132007 
604132008 
604132009 
604132010 
604132011 
604132012 
604132013 
604132014 
604132015 
604132016 
604132017 
604132018 
604132019 
604132020 
604132021 
604132022 
604132023 
604132024 
604132025 
604132026 
604132027 
604132028 
604132029 
604132030 
604132031 
604132032 
604132033 
604132034 
604132035 
604132036 
604132037 
604132038 
604132039 
604132040 
604132041 
604132042 
604132043 
604132044 
604132045 
604132046 
604132047 
604132048 
604133000 
604133001 
604133002 
604133003 
604133004 
604133005 
604133006 
604133007 
604133008 
604133009 
604133010 
604133011 
604133012 
604133013 
604133014 
604133015 
604133016 
604133017 
604133018 
604133019 
604133020 
604133021 
604133022 
604133023 
604133024 
604133025 
604133026 
604133027 
604133028 
604133029 
604133030 
604133031 
604133032 
604133033 
604133034 
604133035 
604133036 
604133037 
604133038 
604133039 
604133040 
604133041 
604133042 
604133043 
604133044 
604133045 
604133046 
604133047 
604133048 
604133049 
604133050 
604134000 
604135000 
604135001 
604135002 
604135003 
604135004 
604135005 
604135006 
604135007 
604135008 
604135009 
604135010 
604135011 
604135012 
604135013 
604136000 
604136001 
604137000 
604137001 
604137002 
604137003 
604137004 
604137005 
604137006 
604137007 
604137008 
604137009 
604137010 
604137011 
604137012 
604137013 
604137014 
604137015 
604137016 
604137017 
604137018 
604137019 
604137020 
604138000 
604138001 
604138002 
604138003 
604138004 
604138005 
604138006 
604138007 
604138008 
604138009 
604138010 
604138011 
604138012 
604138013 
604138014 
604139000 
604139001 
604139002 
604139003 
604139004 
604139005 
604139006 
604139007 
604139008 
604139009 
604139010 
604139011 
604139012 
604139013 
604139014 
604139015 
604152000 
604152001 
604152002 
604152003 
604152004 
604152005 
604152006 
604152007 
604152008 
604152009 
604152010 
604152011 
604152012 
604153000 
604153001 
604153002 
604153003 
604153004 
604153005 
604153006 
604153007 
604153008 
604153009 
604153010 
604153011 
604153012 
604153013 
604154000 
604154001 
604154002 
604154003 
604154004 
604154005 
604154006 
604154007 
604154008 
604154009 
604154010 
604154011 
604154012 
604154013 
604154014 
604154015 
604155000 
604155001 
604155002 
604155003 
604155004 
604155005 
604155006 
604232000 
604232001 
604232002 
604232003 
604232004 
604232005 
604232006 
604232007 
604232008 
604232009 
604232010 
604232011 
604232013 
604232014 
604232015 
604232016 
604232017 
604232018 
604232019 
604232020 
604232021 
604232022 
604232023 
604232024 
604232025 
604232026 
604232027 
604232028 
604232029 
604232030 
604232031 
604232032 
604232033 
604233000 
604233001 
604233002 
604233003 
604233004 
604233005 
604233006 
604233007 
604233008 
604233009 
604233010 
604233011 
604233012 
604233013 
604233014 
604233015 
604233016 
604233017 
604233018 
604233019 
604233020 
604233021 
604233022 
604233023 
604233024 
604233025 
604233026 
604233027 
604233028 
604233029 
604233030 
604233031 
604233032 
604233033 
604233034 
604234000 
604234001 
604234002 
604234003 
604234004 
604234005 
604234006 
604234007 
604234008 
604234009 
604234010 
604234011 
604234012 
604234013 
604234014 
604234015 
604234016 
604234017 
604234018 
604234019 
604234020 
604234021 
604234022 
604234023 
604234024 
604234025 
604234026 
604234027 
604234028 
604234029 
604234030 
604234031 
604234032 
604234033 
604234034 
604234035 
604235000 
604235001 
604235002 
604236000 
604236001 
604236002 
604236003 
604236004 
604236005 
604236006 
604236007 
604236008 
604236009 
604236010 
604236011 
604236012 
604236013 
604236014 
604236015 
604236016 
604236017 
604236018 
604236019 
604236020 
604236021 
604236022 
604236023 
604236024 
604236025 
604236026 
604236027 
604236028 
604236029 
604236030 
604236031 
604236032 
604236033 
604236034 
604237000 
604237001 
604237002 
604237003 
604237004 
604237005 
604237006 
604237007 
604237008 
604237009 
604237010 
604237011 
604237012 
604237013 
604237014 
604237015 
604237016 
604237017 
604237018 
604237019 
604237020 
604237021 
604237022 
604237023 
604237024 
604237025 
604237026 
604237027 
604237028 
604237029 
604237030 
604237031 
604237032 
604237033 
604237034 
604237035 
604237036 
604238000 
604238001 
604238002 
604238003 
604238004 
604238005 
604238006 
604238007 
604238008 
604238009 
604238010 
604238011 
604238012 
604238013 
604238014 
604238015 
604238016 
604238017 
604238018 
604238019 
604238020 
604238021 
604238022 
604238023 
604238024 
604238025 
604238026 
604238027 
604238028 
604239000 
604239001 
604239002 
604239003 
604239004 
604239005 
604239006 
604239007 
604239008 
604239009 
604239010 
604239011 
604239012 
604239013 
604239014 
604239015 
604239016 
604239017 
604239018 
604239019 
604239020 
604239021 
604239022 
604239023 
604239024 
604239025 
604239026 
604239027 
604239028 
604239029 
604239030 
604239031 
604239032 
604239033 
604239034 
604239035 
604239036 
604239037 
604239038 
604239039 
604239040 
604239041 
604239042 
604239043 
604239044 
604239045 
604239046 
604239047 
604239048 
604239049 
604239050 
604239051 
604239052 
604239053 
604239054 
604239055 
604239056 
604239057 
604239058 
604239059 
604239060 
604239061 
604239062 
604239063 
604239064 
604239065 
604239066 
604239067 
604239068 
604239069 
604239070 
604253000 
604253001 
604253002 
604253003 
604253004 
604253005 
604253006 
604253007 
604253008 
604253009 
604253010 
604253011 
604253012 
604253013 
604254000 
604254001 
604254002 
604254003 
604254004 
604254005 
604254006 
604254007 
604254008 
604331000 
604331000 
604331001 
604331001 
604331002 
604331002 
604331003 
604331003 
604331004 
604331004 
604331005 
604331005 
604331006 
604331007 
604331008 
604331009 
604331010 
604331011 
604331011 
604331012 
604331012 
604331013 
604331013 
604331014 
604331014 
604331015 
604331015 
604331016 
604331016 
604331017 
604331018 
604331019 
604331020 
604331021 
604331022 
604332000 
604332001 
604332002 
604332003 
604332004 
604332005 
604332006 
604332007 
604332008 
604332009 
604332010 
604332011 
604332012 
604332013 
604332014 
604332015 
604332016 
604332017 
604332018 
604332019 
604332020 
604332021 
604332022 
604332023 
604332024 
604332025 
604332026 
604333000 
604333001 
604333002 
604333003 
604333004 
604333005 
604333006 
604333007 
604333008 
604333009 
604333010 
604333011 
604333012 
604333013 
604333014 
604333015 
604333016 
604333017 
604333018 
604333019 
604333020 
604333021 
604333022 
604333023 
604333024 
604333025 
604334000 
604334001 
604334002 
604334003 
604334004 
604334005 
604334006 
604334007 
604334008 
604334009 
604334010 
604334011 
604334012 
604334013 
604334014 
604334015 
604334016 
604334017 
604334018 
604334019 
604334020 
604334021 
604334022 
604334023 
604334024 
604334025 
604334026 
604334027 
604334028 
604334029 
604334030 
604334031 
604334032 
604334033 
604334034 
604334035 
604334036 
604334037 
604334038 
604334039 
604334040 
604334041 
604334042 
604334043 
604334044 
604334045 
604334046 
604334047 
604334048 
604334049 
604334050 
604334051 
604334052 
604335000 
604335001 
604335002 
604335003 
604335004 
604335005 
604335006 
604335007 
604335008 
604335009 
604335010 
604335011 
604335012 
604335013 
604335014 
604335015 
604335016 
604335017 
604335018 
604335019 
604335020 
604335021 
604335022 
604335023 
604335024 
604335025 
604335026 
604335027 
604335028 
604335029 
604335030 
604335031 
604335032 
604335033 
604335034 
604335035 
604335036 
604335037 
604335038 
604335039 
604335040 
604335041 
604336000 
604336001 
604336002 
604336003 
604336004 
604336005 
604336006 
604336007 
604336008 
604336009 
604336010 
604336011 
604336012 
604336013 
604336014 
604336015 
604336016 
604336017 
604336018 
604336019 
604336020 
604336021 
604336022 
604336023 
604336024 
604336025 
604336026 
604336027 
604336028 
604336029 
604336030 
604336031 
604336032 
604336033 
604336034 
604336035 
604336036 
604336037 
604336038 
604336039 
604336040 
604336041 
604336042 
604337000 
604337001 
604337002 
604337003 
604337004 
604337005 
604337006 
604337007 
604337008 
604337009 
604337010 
604337011 
604337012 
604337013 
604337014 
604337015 
604337016 
604337017 
604337018 
604337019 
604337020 
604337021 
604337022 
604337023 
604337024 
604337025 
604337026 
604337027 
604337028 
604337029 
604337030 
604338000 
604338001 
604338002 
604338003 
604338004 
604338005 
604338006 
604338007 
604338008 
604338009 
604338010 
604338011 
604338012 
604338013 
604338014 
604338015 
604338016 
604338017 
604338018 
604338019 
604338020 
604338021 
604338022 
604338023 
604339000 
604339001 
604339002 
604339003 
604339004 
604339005 
604339006 
604339007 
604339008 
604339009 
604339010 
604339011 
604339012 
604339013 
604339014 
604339015 
604339016 
604339017 
604339018 
604339019 
604339020 
604339021 
604339022 
604339023 
604339024 
604339025 
604339026 
604339027 
604354000 
604354001 
604354002 
604431000 
604431001 
604431002 
604431003 
604431004 
604431005 
604431006 
604431007 
604431008 
604431009 
604431010 
604431011 
604431012 
604431013 
604431014 
604431015 
604431016 
604431017 
604431018 
604431019 
604431020 
604431021 
604431022 
604431023 
604431024 
604431025 
604431026 
604431027 
604431028 
604431029 
604431030 
604431031 
604432000 
604432001 
604432002 
604432003 
604432004 
604432005 
604432006 
604432007 
604432008 
604432009 
604432010 
604432011 
604432012 
604432013 
604432014 
604432015 
604432016 
604432017 
604432018 
604432019 
604432020 
604432021 
604432022 
604432023 
604432024 
604432025 
604432026 
604432027 
604432028 
604432029 
604432030 
604433000 
604433001 
604433002 
604433003 
604433004 
604433005 
604433006 
604433007 
604433008 
604433009 
604433010 
604433011 
604433012 
604433014 
604433015 
604433016 
604433017 
604433018 
604433019 
604433020 
604433021 
604433022 
604434000 
604434001 
604434002 
604434003 
604434004 
604434005 
604434006 
604434007 
604434008 
604434009 
604434010 
604434011 
604434012 
604434013 
604434014 
604434015 
604434016 
604434017 
604434018 
604434019 
604434020 
604434021 
604434022 
604434023 
604434024 
604434025 
604434026 
604434027 
604435000 
604435001 
604435002 
604435003 
604435004 
604435005 
604435006 
604435007 
604435008 
604435009 
604435010 
604435011 
604435012 
604435013 
604435014 
604435015 
604435016 
604435017 
604435018 
604435019 
604435020 
604435021 
604435022 
604435023 
604436000 
604436001 
604436002 
604436003 
604436004 
604436005 
604436006 
604436007 
604436008 
604436009 
604436010 
604436011 
604436012 
604436013 
604436014 
604436015 
604436016 
604436017 
604436018 
604436019 
604436020 
604436021 
604436022 
604436023 
604436024 
604436025 
604436026 
604436027 
604436028 
604436029 
604437000 
604437001 
604437002 
604437003 
604437004 
604437005 
604437006 
604437007 
604437008 
604437009 
604437010 
604437011 
604437012 
604437013 
604437014 
604437015 
604437016 
604437017 
604437018 
604437019 
604437020 
604437021 
604437022 
604437023 
604437024 
604437025 
604437026 
604437027 
604437028 
604437029 
604437030 
604437031 
604437032 
604437033 
604437034 
604437035 
604437036 
604437037 
604437038 
604437039 
604437040 
604437041 
604437042 
604437043 
604437044 
604437045 
604438000 
604438001 
604438002 
604438003 
604438004 
604438005 
604438006 
604438007 
604438008 
604438009 
604438010 
604438011 
604438012 
604438013 
604438014 
604438015 
604438016 
604438017 
604438018 
604438019 
604438020 
604438021 
604438022 
604438023 
604438024 
604438025 
604439000 
604439001 
604439002 
604439003 
604439004 
604439005 
604439006 
604439007 
604439008 
604439009 
604439010 
604439011 
604439012 
604439013 
604439014 
604439015 
604439016 
604439017 
604439018 
604439019 
604439020 
604439021 
604439022 
604439023 
604439024 
604439025 
604439026 
604439027 
604439028 
604439029 
604439030 
604439031 
604439032 
604439033 
604439034 
604439035 
604439036 
604439037 
604439038 
604533000 
604533001 
604533002 
604533003 
604533004 
604533005 
604533006 
604533007 
604533008 
604533009 
604533010 
604533011 
604533012 
604533013 
604534000 
604534001 
604534002 
604534003 
604534004 
604534005 
604534006 
604534007 
604534008 
604534009 
604534010 
604534011 
604535000 
604535001 
604535002 
604535003 
604535004 
604535005 
604535006 
604536000 
604536001 
604536002 
604536003 
604536004 
604536005 
604536006 
604536007 
604536008 
604536009 
604536010 
604536011 
604536012 
604536013 
604536014 
604536015 
604536016 
604536017 
604536018 
604536019 
604536020 
604536021 
604536022 
604536023 
604536024 
604536025 
604536026 
604536027 
604536028 
604536029 
604536030 
604536031 
604536032 
604536033 
604536034 
604536035 
604536036 
604536037 
604536038 
604536039 
604536040 
604536041 
604536042 
604536043 
604536044 
604536045 
604536046 
604536047 
604536048 
604536049 
604536050 
604536051 
604536052 
604536053 
604536054 
604536055 
604536056 
604536057 
604536058 
604536059 
604536060 
604536061 
604536062 
604536063 
604536064 
604536065 
604536066 
604536067 
604536068 
604537000 
604537001 
604537002 
604537003 
604537004 
604537005 
604537006 
604537007 
604537008 
604537009 
604537010 
604537011 
604537012 
604537013 
604537014 
604537015 
604537016 
604537017 
604537018 
604537019 
604537020 
604537021 
604537022 
604537023 
604537024 
604537025 
604537026 
604537027 
604537028 
604537029 
604537030 
604537031 
604537032 
604537033 
604537034 
604537035 
604537036 
604537037 
604537038 
604537039 
604537040 
604537041 
604537042 
604537043 
604537044 
604537045 
604537046 
604537047 
604537048 
604537049 
604537050 
604537051 
604537052 
604537053 
604537054 
604537055 
604537056 
604537057 
604537058 
604537059 
604538000 
604538001 
604538002 
604538003 
604538004 
604538005 
604538006 
604538007 
604538008 
604538009 
604538010 
604538011 
604538012 
604538013 
604538014 
604538015 
604538016 
604538017 
604538018 
604538019 
604538020 
604538021 
604538022 
604538023 
604538024 
604538025 
604538026 
604538027 
604538028 
604538029 
604538030 
604538031 
604538032 
604538033 
604538034 
604538035 
604538036 
604538037 
604538038 
604538039 
604538040 
604538041 
604538042 
604538043 
604538044 
604538045 
604538046 
604538047 
604538048 
604538049 
604538050 
604538051 
604538052 
604538053 
604538054 
604538061 
604538062 
604538063 
604538064 
604538065 
604538066 
604539000 
604539001 
604539002 
604539003 
604539004 
604539005 
604539006 
604539007 
604539008 
604539009 
604539010 
604539011 
604539012 
604539013 
604539014 
604539015 
604539016 
604539017 
604539018 
604539019 
604539020 
604539021 
604539022 
604539023 
604539024 
604539025 
604539026 
604539027 
604539028 
604539029 
604539030 
604539032 
604539033 
604539034 
604539035 
604539036 
604539037 
604539038 
604539039 
604636000 
604636001 
604636002 
604636003 
604636004 
604638000 
604638001 
604638002 
604638003 
604638004 
604638005 
604638006 
604638007 
604638008 
604638009 
604638010 
604638011 
604638012 
604638013 
604638014 
604638015 
604638016 
604638017 
604638018 
604638019 
604638020 
604638021 
604638022 
604638023 
604638024 
604638025 
604638026 
604638027 
604638028 
604638029 
604638030 
604638031 
604638032 
604638033 
604638034 
604638035 
604639000 
604639001 
604639002 
604639003 
604639004 
604639005 
604639006 
604640000 
604640001 
604640002 
604640003 
604640004 
604640005 
604640006 
604640007 
604640008 
604640009 
604640010 
604640011 
604640012 
604640013 
604640014 
604640015 
604640016 
604640017 
604640018 
604640019 
604640020 
604640021 
604640022 
604640023 
604640024 
604640025 
604640026 
604640027 
604640028 
604640029 
604640030 
604640031 
604640032 
604640033 
604640034 
604657000 
604657001 
604737000 
604737001 
604737002 
604737003 
604737004 
604737005 
604737006 
604737007 
604737008 
604737009 
604737010 
604737011 
604737012 
604737013 
604737014 
604737015 
604737016 
604737017 
604737018 
604737019 
604737020 
604737021 
604737022 
604737023 
604738000 
604738001 
604738002 
604738003 
604738004 
604738005 
604738006 
604738007 
604738008 
604738009 
604738010 
604738011 
604738012 
604738013 
604738014 
604738015 
604738016 
604738017 
604738018 
604738019 
604738020 
604738021 
604738022 
604738023 
604738024 
604738025 
604738026 
604738027 
604738028 
604738029 
604738030 
604738031 
604738032 
604738033 
604738034 
604738035 
604738036 
604738037 
604738038 
604738039 
604738040 
604738041 
604738042 
604739000 
604739001 
604739002 
604739003 
604739004 
604739005 
604739006 
604739007 
604739008 
604739009 
604739010 
604739011 
604739012 
604739013 
604739014 
604739015 
604739016 
604739017 
604739018 
604739019 
604739020 
604739021 
604739022 
604739023 
604739024 
604739025 
604739026 
604739027 
604739028 
604739029 
604739030 
604739031 
604739032 
604739033 
604739034 
604739035 
604739036 
604739037 
604739038 
604740000 
604740001 
604740002 
604740003 
604740004 
604740005 
604740006 
604740007 
604740008 
604740009 
604740010 
604740011 
604740012 
604740013 
604740014 
604740015 
604740016 
604740017 
604740018 
604740019 
604740020 
604740021 
604740022 
604740023 
604740024 
604740025 
604740026 
604740027 
604740028 
604740029 
604740030 
604740031 
604740032 
604740033 
604740034 
604740035 
604740036 
604741000 
604741001 
604741002 
604755000 
604755001 
604755002 
604755003 
604755004 
604755005 
604755006 
604755007 
604755008 
604755009 
604755010 
604755011 
604755012 
604755013 
604755014 
604755015 
604756000 
604756001 
604756002 
604756003 
604757000 
604757001 
604757002 
604757003 
604757004 
604757005 
604757006 
604757007 
604757008 
604757009 
604757010 
604757011 
604757012 
604758000 
604758001 
604758002 
604758003 
604758004 
604758005 
604758006 
604758007 
604758008 
604836000 
604836001 
604836002 
604836003 
604836004 
604836005 
604837000 
604837001 
604837002 
604837003 
604837004 
604837005 
604837006 
604837007 
604837008 
604837009 
604837010 
604837011 
604837012 
604837013 
604837014 
604837015 
604837016 
604837017 
604837018 
604837019 
604837020 
604837021 
604837022 
604837023 
604837024 
604837025 
604837026 
604837027 
604837028 
604837029 
604837030 
604837031 
604837032 
604837033 
604837034 
604837035 
604837036 
604837037 
604837038 
604837039 
604837040 
604837041 
604837042 
604837043 
604837044 
604837045 
604837046 
604837047 
604837048 
604837049 
604837050 
604837051 
604837052 
604837053 
604837054 
604837055 
604837056 
604837057 
604837058 
604837059 
604837060 
604837061 
604838000 
604838001 
604838002 
604838003 
604838004 
604838005 
604838006 
604838007 
604838008 
604838009 
604838010 
604838011 
604838012 
604838013 
604838014 
604838015 
604838016 
604838017 
604838018 
604838019 
604838020 
604839000 
604839001 
604839002 
604839003 
604839004 
604839005 
604839006 
604839007 
604839008 
604839009 
604839010 
604839011 
604839012 
604839013 
604839014 
604839015 
604839016 
604839017 
604839018 
604839019 
604839020 
604840000 
604840001 
604840002 
604840003 
604840004 
604840005 
604840006 
604840007 
604840008 
604840009 
604840010 
604840011 
604840012 
604840013 
604840014 
604840015 
604840016 
604840017 
604840018 
604840019 
604840020 
604840021 
604840022 
604840023 
604840024 
604840025 
604840026 
604840027 
604840028 
604840029 
604840030 
604840031 
604840032 
604840033 
604840034 
604840035 
604840036 
604841000 
604841001 
604841002 
604841003 
604841004 
604841005 
604841006 
604841007 
604841008 
604841009 
604841010 
604841011 
604841012 
604841013 
604841014 
604841015 
604841016 
604841017 
604841018 
604841019 
604841020 
604841021 
604841022 
604841023 
604841024 
604841025 
604841026 
604841027 
604841028 
604841029 
604841030 
604854000 
604854001 
604854002 
604854003 
604854004 
604855001 
604855002 
604855003 
604855004 
604855005 
604855006 
604855007 
604855008 
604855009 
604855010 
604855011 
604855012 
604855013 
604855014 
604855015 
604855016 
604855017 
604855018 
604855019 
604855020 
604855021 
604855022 
604855023 
604855024 
604855025 
604856000 
604856001 
604856002 
604856003 
604856004 
604856005 
604856006 
604856007 
604856008 
604856009 
604856010 
604856011 
604856012 
604856013 
604857000 
604857001 
604857002 
604857003 
604857004 
604857005 
604857006 
604857007 
604857008 
604857009 
604857010 
604857011 
604857012 
604857013 
604936000 
604936001 
604936002 
604936003 
604936004 
604936005 
604936006 
604936007 
604936008 
604936009 
604936010 
604936011 
604936012 
604936013 
604936014 
604936015 
604936016 
604936017 
604936018 
604936019 
604936020 
604936021 
604936022 
604936023 
604936024 
604936025 
604936026 
604936027 
604936028 
604936029 
604936030 
604936031 
604936032 
604936033 
604937000 
604937001 
604937002 
604937003 
604937004 
604937005 
604937006 
604937007 
604937008 
604937009 
604937010 
604937011 
604937012 
604937013 
604937014 
604937015 
604937016 
604937017 
604937018 
604937019 
604937020 
604937021 
604937022 
604937023 
604937024 
604937025 
604937026 
604937027 
604937028 
604937029 
604937030 
604937031 
604937032 
604937033 
604937034 
604937035 
604937036 
604937037 
604937038 
604937039 
604937040 
604937041 
604937042 
604937043 
604937044 
604937045 
604937046 
604937047 
604938000 
604938001 
604938002 
604938003 
604938004 
604938005 
604938006 
604938007 
604938008 
604938009 
604938010 
604938011 
604938012 
604938013 
604938014 
604938015 
604938016 
604938017 
604938018 
604938019 
604938020 
604938021 
604938022 
604938023 
604938024 
604938025 
604939000 
604939001 
604939002 
604939003 
604939004 
604939005 
604939006 
604939007 
604939008 
604939009 
604939010 
604939011 
604939012 
604939013 
604939014 
604939015 
604939016 
604939017 
604939018 
604939019 
604939020 
604939021 
604939022 
604939023 
604939024 
604939025 
604939026 
604939027 
604939028 
604939029 
604940000 
604940001 
604940002 
604940003 
604940004 
604940005 
604940006 
604940007 
604940008 
604940009 
604940010 
604940011 
604940012 
604940013 
604940014 
604940015 
604940016 
604940017 
604940018 
604940019 
604940020 
604940021 
604940022 
604940023 
604940024 
604940025 
604940026 
604940027 
604940028 
604940029 
604940030 
604940031 
604940032 
604940033 
604940034 
604940035 
604940036 
604941000 
604941001 
604941002 
604941003 
604941004 
604953000 
604953001 
604953002 
604953003 
604953004 
604953005 
604953006 
604953007 
604954000 
604954001 
604954002 
604954003 
604954004 
604954005 
604954006 
604954007 
604954008 
604954009 
604954010 
604954011 
604954012 
604954013 
604954014 
604954015 
604955000 
604955001 
604955002 
604955003 
604955004 
604955005 
604955006 
604955007 
604955008 
604955009 
604955010 
604955011 
604955012 
604955013 
604955014 
604955015 
604955016 
604955017 
604955018 
604955019 
604955020 
604955021 
604955022 
604955023 
604955024 
604955025 
604955026 
604955027 
604955028 
604955029 
604955030 
604955031 
604956000 
604956001 
604956002 
604956003 
604956004 
604956005 
604956006 
604956007 
604956008 
604956009 
604956010 
604956011 
604956012 
604957000 
604957001 
604957002 
604957003 
604957004 
604957005 
604957006 
604957007 
604957008 
604957009 
604957010 
604957011 
604957012 
604957013 
604957014 
604957015 
604957016 
604957017 
604957018 
604957019 
604957020 
604957021 
604957022 
604957023 
605036000 
605036001 
605036002 
605037000 
605037001 
605037002 
605037003 
605038000 
605038001 
605038002 
605038003 
605038004 
605038005 
605038006 
605038007 
605038008 
605038009 
605038010 
605038011 
605038012 
605038013 
605038014 
605038015 
605039000 
605039001 
605039002 
605039003 
605039004 
605039005 
605039006 
605039007 
605039008 
605039009 
605039010 
605039011 
605039012 
605039013 
605039014 
605039015 
605039016 
605039017 
605039018 
605039019 
605040000 
605040001 
605040002 
605040003 
605040004 
605040005 
605040006 
605040007 
605040008 
605040009 
605040010 
605040011 
605040012 
605040013 
605040014 
605040015 
605040016 
605040017 
605040018 
605040019 
605040020 
605040021 
605040022 
605040023 
605040024 
605040025 
605040026 
605040027 
605040028 
605040029 
605040030 
605040031 
605040032 
605040033 
605040034 
605040035 
605040036 
605040037 
605040038 
605040039 
605040040 
605040041 
605040042 
605053000 
605053001 
605053002 
605053003 
605053004 
605054000 
605054001 
605054002 
605055000 
605055001 
605055002 
605055003 
605055004 
605055005 
605055006 
605055007 
605055008 
605055009 
605055010 
605055011 
605055012 
605055013 
605056000 
605056001 
605056002 
605056003 
605056004 
605057000 
605057001 
605057002 
605057003 
605057004 
605057005 
605057006 
605057007 
605057008 
605057009 
605139000 
605139001 
605139002 
605140000 
605140001 
605140002 
605140003 
605140004 
605140005 
605140006 
605140007 
605140008 
605140009 
605140010 
605140011 
605140012 
605140013 
605140014 
605140015 
605140016 
605140017 
605140018 
605140019 
605140020 
605140021 
605140022 
605140023 
605140024 
605140025 
605140026 
605140027 
605140028 
605140029 
605140030 
605140031 
605140032 
605140033 
605141000 
605141001 
605141002 
605141003 
605141004 
605141005 
605141006 
605141007 
605141008 
605142000 
605142001 
605142002 
605142003 
605143000 
605143001 
605143002 
605143003 
605143004 
605143005 
605143006 
605143007 
605152000 
605152001 
605152002 
605152003 
605152004 
605153000 
605153001 
605153002 
605153003 
605153004 
605153005 
605153006 
605153007 
605153008 
605153009 
605153010 
605153011 
605153012 
605153013 
605153014 
605153015 
605153016 
605153017 
605153018 
605153019 
605153020 
605153021 
605153022 
605153023 
605153024 
605153025 
605154000 
605154001 
605154002 
605154003 
605154004 
605154005 
605154006 
605154007 
605154008 
605154009 
605154010 
605154011 
605154012 
605154013 
605154014 
605154015 
605155000 
605155001 
605156000 
605156001 
605156002 
605156003 
605156004 
605156005 
605156006 
605156007 
605156008 
605156009 
605156010 
605156011 
605156011 
605156012 
605156013 
605156014 
605157000 
605157001 
605157002 
605157003 
605157004 
605157005 
605157006 
605157007 
605157008 
605157009 
605157010 
605158000 
605158001 
605158002 
605240000 
605241000 
605241001 
605241002 
605241003 
605241004 
605241005 
605241006 
605241007 
605241008 
605241009 
605241010 
605241011 
605241012 
605241013 
605241014 
605241015 
605241016 
605241017 
605241018 
605241019 
605241020 
605241021 
605241022 
605241023 
605241024 
605241025 
605241026 
605241027 
605241028 
605241029 
605241030 
605241031 
605241032 
605241033 
605241034 
605241035 
605241036 
605241037 
605241038 
605242000 
605242001 
605242002 
605242003 
605242004 
605242005 
605242006 
605242007 
605242008 
605242009 
605242010 
605243000 
605243001 
605243002 
605243003 
605252000 
605252001 
605252002 
605252003 
605252004 
605252005 
605252006 
605252007 
605252008 
605252009 
605252010 
605252011 
605252012 
605252013 
605252014 
605252015 
605252016 
605252017 
605252018 
605252019 
605252020 
605253000 
605253001 
605253002 
605253003 
605253004 
605253005 
605253006 
605253007 
605253008 
605253009 
605253010 
605253011 
605253012 
605253013 
605253014 
605253015 
605253016 
605253017 
605253018 
605253019 
605253020 
605253021 
605253022 
605253023 
605253024 
605253025 
605253026 
605253027 
605253028 
605253029 
605253030 
605253031 
605253032 
605254000 
605254001 
605254002 
605254003 
605254004 
605254005 
605254006 
605254007 
605254008 
605254009 
605254010 
605254011 
605254012 
605254013 
605254014 
605254015 
605254016 
605254017 
605254018 
605255000 
605255001 
605255002 
605255003 
605255004 
605255005 
605255006 
605256000 
605256001 
605256002 
605256003 
605256004 
605256005 
605256006 
605256007 
605256008 
605256009 
605256010 
605256011 
605257000 
605257001 
605257002 
605257003 
605257004 
605257005 
605257006 
605257007 
605257008 
605257009 
605257010 
605257011 
605257012 
605257013 
605257014 
605257015 
605258000 
605258001 
605258002 
605258003 
605258004 
605258005 
605258006 
605258007 
605352000 
605352001 
605352002 
605352003 
605352005 
605352006 
605352007 
605352008 
605352009 
605352010 
605352011 
605352012 
605353000 
605353001 
605353002 
605353003 
605353004 
605353005 
605353006 
605353007 
605353008 
605353009 
605353010 
605353011 
605353012 
605353013 
605353014 
605353015 
605353016 
605354000 
605354001 
605354002 
605354003 
605355000 
605355001 
605355002 
605356000 
605356001 
605356002 
605356003 
605356004 
605356005 
605356006 
605356007 
605356008 
605356009 
605356010 
605356011 
605356012 
605356013 
605357000 
605357001 
605357002 
605357003 
605357004 
605357005 
605357006 
605357007 
605357008 
605357009 
605357010 
605357011 
605357012 
605357013 
605357014 
605357015 
605357016 
605357017 
605358000 
605358001 
605358002 
605358003 
605358004 
605358005 
605358006 
605453000 
605453001 
605453002 
605453003 
605453004 
605453005 
605453006 
605453007 
605453008 
605453009 
605455000 
605455001 
605455002 
605455003 
605456000 
605456001 
605456002 
605456003 
605456004 
605456005 
605456006 
605456007 
605456008 
605456009 
605456010 
605456011 
605456012 
605456013 
605456014 
605457000 
605457001 
605457002 
605457003 
605457004 
605457005 
605457006 
605457007 
605457008 
1000000000 
