0 
50 
100000000 
100000001 
100001000 
100002000 
100003000 
110005000 
110005001 
110005020 
110005100 
110006000 
110100000 
110500000 
120005000 
120005001 
120005002 
120005010 
120005020 
120005100 
120005200 
120005201 
120005210 
120005211 
120005220 
120005230 
120005240 
120005250 
120005400 
120300000 
120500000 
130000000 
130000001 
130000002 
130000003 
130000004 
130000100 
130000200 
130001000 
130005000 
130005200 
140000099 
140001000 
140002000 
150003000 
150005000 
150005020 
150005100 
150005230 
150005240 
150005300 
160000100 
160001000 
160005000 
160005001 
160005100 
160005101 
160005110 
160005111 
160005200 
180005400 
200005000 
200005200 
200005210 
200006000 
200006002 
200006005 
200006010 
200006020 
200006025 
200006030 
200101500 
200101510 
200101520 
200101530 
210001400 
210001500 
210002000 
210005010 
210005011 
210005100 
210005200 
210005210 
210005220 
210005300 
210006000 
280000000 
300005000 
300005100 
300005400 
310005000 
310005010 
310005100 
310005101 
310005200 
310005210 
310005220 
310005300 
310005410 
310005420 
340100000 
340100010 
340112000 
340115000 
340115001 
340115100 
340115101 
340115102 
340115103 
340305010 
350005000 
350005200 
350005201 
350005210 
350005300 
390005000 
390005100 
390005200 
410115001 
410800341 
410800342 
420005000 
420005001 
420005002 
420005003 
420005010 
420005200 
430001000 
600000000 
600000001 
600000002 
600000003 
600000010 
600000012 
600000099 
600000100 
600005400 
600005500 
600006000 
600006001 
600006002 
600006003 
600006004 
600006005 
600006006 
600006010 
600006011 
600006012 
600006020 
600006021 
600006030 
600050000 
600100002 
600102000 
600105000 
600105400 
600200000 
600205000 
600205200 
600205250 
600205400 
600206000 
600305000 
600305010 
600305011 
600305410 
600400000 
610001000 
610001005 
610001500 
610001510 
610002000 
610002200 
610003000 
610003001 
610005200 
610005201 
610005202 
610005203 
610005210 
610005211 
610005212 
610005213 
610005300 
610005305 
610005310 
610006000 
610007000 
610009000 
610009100 
610009200 
610100000 
980000000 
980000001 
980000010 
980000051 
980000101 
999990001 
999999990 
999999991 
999999999 
