3362 
9200 
27002 
27005 
99005 
390000 
600000 
600001 
610000 
700000 
800000 
800001 
800002 
800003 
800004 
800005 
800006 
800007 
800008 
800009 
800010 
800011 
800012 
800013 
810000 
810001 
810002 
810003 
810004 
810005 
810006 
810007 
810008 
810009 
810020 
810021 
810022 
810023 
810030 
810100 
815000 
815001 
815002 
815003 
815004 
815005 
815006 
815007 
815008 
815009 
815010 
820000 
820001 
820002 
820003 
820004 
820005 
820006 
820007 
820008 
820009 
820010 
820011 
820012 
820020 
820021 
820022 
820023 
820024 
820025 
820026 
820100 
830000 
830001 
830002 
830003 
830004 
830005 
830006 
830007 
830008 
830020 
830100 
830101 
840000 
840001 
840002 
840003 
840004 
840005 
850000 
850001 
850002 
850003 
850004 
850005 
850006 
880000 
890000 
890001 
890002 
890003 
900000 
900010 
900011 
900012 
900013 
900014 
900015 
900016 
900020 
900021 
900028 
900030 
900031 
900032 
900035 
900061 
930001 
930002 
930003 
930004 
930005 
930006 
930007 
930008 
930009 
930100 
930101 
930102 
930103 
930104 
930105 
930106 
930107 
950000 
950001 
950002 
950003 
950004 
980000 
980001 
999901 
999902 
