0 
801000 
801001 
801005 
801006 
801010 
801011 
801015 
801016 
801019 
801020 
801050 
801051 
801060 
801061 
801062 
801063 
801064 
801070 
801080 
801081 
801085 
801086 
801090 
801091 
801095 
801096 
801100 
801101 
801110 
801111 
801120 
801200 
801201 
801202 
801203 
801204 
801205 
801210 
801220 
801230 
801232 
801233 
801240 
801241 
801242 
801243 
801250 
801251 
801252 
801253 
801254 
801255 
801256 
801257 
801258 
801259 
801260 
801261 
801262 
801263 
801264 
801265 
801266 
801267 
801268 
801269 
801270 
801271 
801272 
801273 
801274 
801275 
801276 
801277 
801278 
801279 
801280 
801281 
801282 
801283 
801284 
801285 
801286 
801287 
801288 
801289 
801290 
801291 
801292 
801293 
801294 
801295 
801296 
801297 
801298 
801313 
801314 
801315 
801316 
801320 
801321 
801325 
801326 
801330 
801331 
801332 
801335 
801337 
801340 
801341 
801342 
801343 
801344 
801345 
801346 
801347 
801348 
801490 
801491 
801492 
801495 
801497 
805000 
805001 
805002 
805003 
805004 
810000 
810001 
810002 
810005 
810006 
810007 
810008 
810009 
810020 
810030 
810040 
810050 
810055 
811000 
811020 
811030 
811040 
811050 
811051 
811070 
811080 
813000 
813010 
813011 
813012 
813020 
813030 
813031 
813032 
813040 
813041 
813042 
813043 
815000 
815010 
815020 
815021 
815022 
815030 
815031 
815032 
