0 
1 
2 
3 
4 
5 
6 
8 
9 
10 
11 
12 
13 
14 
15 
16 
17 
18 
19 
20 
21 
22 
23 
24 
25 
26 
27 
28 
29 
30 
31 
32 
33 
34 
35 
36 
37 
38 
39 
40 
41 
42 
43 
44 
45 
46 
47 
48 
49 
50 
51 
52 
53 
54 
55 
56 
57 
58 
59 
60 
61 
62 
63 
64 
65 
66 
67 
68 
69 
70 
71 
72 
73 
74 
75 
76 
77 
78 
79 
80 
91 
92 
93 
94 
95 
96 
97 
98 
99 
100 
101 
102 
103 
104 
105 
106 
107 
108 
109 
110 
111 
112 
113 
114 
115 
116 
117 
118 
119 
120 
121 
122 
123 
124 
125 
126 
127 
128 
129 
130 
131 
132 
133 
134 
135 
136 
137 
138 
139 
140 
141 
142 
143 
144 
145 
146 
147 
148 
149 
150 
151 
152 
153 
154 
155 
156 
157 
158 
159 
160 
161 
162 
163 
164 
165 
166 
167 
168 
169 
170 
171 
172 
173 
174 
175 
176 
177 
178 
179 
180 
181 
182 
183 
184 
185 
186 
187 
188 
189 
190 
191 
192 
193 
194 
195 
196 
197 
198 
199 
200 
201 
202 
203 
204 
205 
206 
207 
208 
209 
210 
211 
212 
213 
214 
215 
216 
217 
218 
219 
220 
221 
222 
223 
224 
225 
226 
227 
228 
229 
230 
231 
232 
233 
234 
235 
236 
237 
238 
239 
240 
241 
242 
243 
244 
245 
246 
247 
248 
249 
250 
251 
252 
253 
254 
255 
256 
257 
258 
259 
260 
261 
262 
263 
264 
265 
266 
267 
268 
269 
270 
271 
272 
273 
274 
1000 
4000 
4010 
4500 
4505 
4510 
4515 
4520 
4525 
4530 
4535 
4540 
4545 
4550 
4555 
4560 
4565 
4570 
4575 
4580 
4585 
4590 
4595 
4600 
4605 
4610 
4615 
4620 
5000 
5001 
5010 
5011 
5012 
5020 
5021 
5022 
5030 
5031 
5032 
5033 
5035 
5036 
5037 
5043 
5044 
5045 
5046 
5050 
5051 
5052 
5053 
5054 
5055 
5056 
5090 
5091 
5092 
5093 
5094 
5100 
5105 
5110 
5115 
5120 
5125 
5130 
5135 
5140 
5145 
5150 
5160 
5165 
5190 
5200 
5210 
5220 
5230 
5270 
5271 
5280 
5281 
5302 
5303 
5304 
5306 
5307 
5308 
5309 
5310 
5311 
5312 
5313 
5314 
5320 
5321 
5330 
5331 
5350 
5352 
5354 
5356 
5358 
5360 
5362 
5364 
5366 
5370 
5372 
5374 
5376 
5380 
5385 
5386 
5400 
5401 
5505 
5507 
5520 
5530 
5600 
5610 
5700 
5800 
5801 
5802 
5803 
5804 
5805 
5806 
5807 
5820 
5821 
5822 
5823 
5824 
5825 
5826 
5827 
5842 
5846 
5847 
5848 
5849 
5850 
5860 
5865 
5866 
5890 
6000 
6001 
6010 
7000 
7001 
7002 
7003 
7004 
7920 
7930 
7940 
7950 
7960 
7970 
7980 
7990 
8000 
8010 
8020 
8030 
8040 
8050 
8060 
8070 
8080 
8090 
8100 
8110 
8120 
8130 
8140 
8150 
8160 
8170 
8180 
8190 
8200 
8210 
8220 
8230 
8240 
8250 
8260 
8270 
8300 
8310 
8320 
8330 
8340 
8350 
8360 
8370 
8380 
8390 
8400 
8410 
8420 
8430 
8440 
8450 
8460 
8470 
8480 
8490 
8500 
8505 
8510 
8511 
8515 
8520 
8521 
8525 
8526 
8530 
8535 
8540 
8545 
8546 
8550 
8555 
8556 
8560 
8561 
8565 
8566 
8570 
8575 
8576 
8580 
8590 
8591 
8595 
8596 
8600 
8610 
8611 
8620 
8621 
8630 
8635 
8640 
8641 
8642 
8645 
8646 
8650 
8651 
8655 
8656 
8660 
8670 
8671 
8680 
8690 
8691 
8700 
8710 
8720 
8721 
8725 
8726 
8727 
8728 
8729 
8740 
8750 
8751 
8760 
8761 
8770 
8775 
8776 
9000 
9010 
9011 
9012 
9013 
9014 
11100 
11110 
11111 
11140 
11150 
11200 
11300 
40002 
40260 
50100 
50101 
50102 
50103 
50104 
50110 
50111 
50112 
50113 
50114 
50115 
50116 
50120 
50121 
50122 
50123 
50124 
50125 
50130 
50131 
50132 
50133 
50134 
50160 
50170 
50171 
50172 
50173 
50175 
50200 
50201 
50202 
50203 
50250 
50251 
50252 
50300 
50301 
50302 
50303 
50310 
50311 
50316 
50320 
50321 
50350 
50400 
50401 
50402 
50403 
50404 
50405 
50406 
50407 
50505 
50610 
50650 
50651 
50652 
50653 
50655 
50660 
50661 
50662 
50665 
50700 
50710 
50715 
50800 
50810 
50815 
50820 
50850 
50851 
50852 
50853 
50854 
50859 
50900 
50901 
50950 
50951 
50955 
50956 
50958 
50959 
50960 
50961 
50962 
50970 
50971 
50972 
50973 
50974 
50975 
50976 
50978 
51000 
51001 
51002 
51010 
51011 
51012 
51020 
51021 
51022 
51030 
51031 
51040 
51041 
51042 
51050 
51051 
51055 
51100 
51101 
51110 
51120 
51121 
51130 
51150 
51151 
51152 
51153 
51200 
51201 
51202 
51203 
51204 
51205 
51206 
51207 
51208 
51209 
51210 
51211 
51212 
51213 
51214 
51215 
51216 
51217 
51220 
51221 
51222 
51223 
51230 
51250 
51300 
51301 
51302 
51303 
51350 
51351 
51352 
51353 
51354 
51355 
51356 
51357 
51400 
51401 
51402 
51403 
51450 
51451 
51452 
51500 
51501 
51502 
51503 
51504 
51505 
51506 
51507 
51508 
51509 
51550 
51551 
51552 
51553 
51600 
51601 
51602 
51603 
51604 
51605 
51606 
51607 
51608 
51609 
51650 
51700 
51710 
51720 
51721 
51750 
51751 
51752 
51753 
51760 
51761 
51770 
51771 
51772 
51800 
51801 
51802 
51850 
51851 
51852 
51853 
51900 
51901 
51950 
51951 
51952 
51953 
51954 
52000 
52001 
52050 
52051 
52052 
52053 
52054 
52100 
52101 
52102 
52103 
52104 
52105 
52106 
52107 
52113 
52114 
52115 
52116 
52117 
52118 
52119 
52120 
52121 
52122 
52123 
52124 
52125 
52126 
52127 
52150 
52151 
52152 
52153 
52154 
52155 
52200 
52201 
52202 
52203 
52204 
52205 
52206 
52207 
52230 
52231 
52232 
52233 
52250 
52251 
52252 
52300 
52301 
52302 
52303 
52304 
52350 
52351 
52352 
52353 
52354 
52355 
52356 
52357 
52358 
52359 
52390 
52391 
52392 
52393 
52400 
52401 
52402 
52403 
52420 
52421 
52450 
52451 
52452 
52453 
52454 
52455 
52456 
52500 
52501 
52502 
52503 
52504 
52510 
52520 
52530 
52531 
52550 
52551 
52552 
52553 
52600 
52650 
52651 
52670 
52671 
52672 
52700 
52701 
52702 
52703 
52750 
52800 
52801 
52810 
52850 
52851 
52852 
52853 
52860 
52870 
52880 
52881 
52882 
52900 
52901 
52950 
52951 
52952 
52960 
52961 
52962 
52970 
52971 
52972 
52973 
52974 
52975 
52976 
52977 
52978 
52980 
52981 
52982 
52983 
52984 
52985 
52986 
52987 
52988 
53000 
53099 
53100 
53101 
53102 
53105 
53150 
53151 
53200 
53201 
53202 
53210 
53211 
53212 
53213 
53214 
53215 
53216 
53217 
53218 
53219 
53220 
53221 
53222 
53230 
53231 
53232 
53233 
53234 
53235 
53236 
53237 
53250 
53251 
53252 
53300 
53301 
53400 
53401 
53402 
53403 
53404 
53405 
53410 
53420 
53430 
53431 
53432 
53433 
53434 
53450 
53451 
53500 
53501 
53502 
53503 
53510 
53511 
53512 
53520 
53521 
53522 
53550 
53551 
53552 
53600 
53610 
53670 
53671 
53680 
53681 
53690 
53691 
53692 
53695 
53699 
53700 
53701 
53702 
53703 
53704 
53750 
53800 
53801 
53802 
53803 
53804 
53805 
53850 
53851 
53900 
53901 
53920 
53921 
53922 
53950 
53951 
53952 
53953 
53954 
54010 
54015 
54016 
54017 
54020 
54021 
54030 
54031 
54040 
54041 
54060 
54061 
54062 
54070 
54080 
54100 
54101 
54102 
54103 
54150 
54151 
54152 
54170 
54171 
54172 
54173 
54174 
54175 
54176 
54177 
54178 
54181 
54182 
54183 
54184 
54185 
54186 
54190 
54191 
54192 
54193 
54210 
54215 
54220 
54221 
54225 
54230 
54231 
54232 
54240 
54250 
54260 
54261 
54262 
54270 
54271 
54272 
54280 
54290 
54300 
54301 
54310 
54315 
54320 
54330 
54340 
54341 
54342 
54343 
57000 Spirit Summon Phantom Color
57010 
57011 
57012 
57013 
57020 
57021 
57022 
57023 
57030 
57031 
57032 
57033 
57034 
57035 
57036 
57037 
57038 
57039 
57050 
57100 
57101 
57102 
57103 
57104 
57110 
57111 
57112 
57113 
57120 
57121 
57122 
57123 
57130 
57131 
57132 
57133 
57900 
57999 
58000 
58001 
58100 
58101 
59000 
59001 
59002 
59003 
60000 
60001 
60002 
60010 
60011 
61000 
61010 
61020 
61030 
61040 
99999 
100000 
100001 
100010 
100011 
100020 
100021 
100030 
100031 
101000 
101900 
104305 
104306 
104307 
104308 
104310 
104311 
104312 
104313 
104320 
104321 
104330 
104340 
104350 
104380 
104610 
104611 
104900 
104901 
108970 
108971 
110000 
110010 
110011 
110015 
120000 
130000 
200000 
200002 
200005 
200010 
200011 
200012 
200013 
312500 
320400 
320500 
320800 
320810 
321600 
321700 
340800 
340900 
350300 
350400 
350500 
350600 
360000 
360100 
360800 
360900 
361100 
730300 
730301 
1413000 
1414000 
1436000 
1436100 
1446000 
1447000 
1448000 
1449000 
1464000 
1466000 
1467000 
1467001 
1467002 
1467005 
1467006 
1604000 
1604001 
1605000 
1606000 
1626000 
1626001 
1627000 
1632000 
1633000 
1634000 
1642000 
1642100 
1642200 
1642300 
1642400 
1643000 
1643100 
1644000 
1644100 
1645000 
1646000 
1647000 
1648000 
1649000 
1651000 
1651001 
1651002 
1651003 
1651004 
1653000 
1660000 
1673000 
1674000 
1676000 
1676001 
1676002 
1677000 
1678000 
1685000 
1686000 
1696000 
1697000 
1697001 
1697100 
1709000 
1723000 
1733000 
1753000 
1790000 
1790300 
5031401 
5031601 
5071101 
5120101 
5141101 
6018010 
6068001 
6069000 
6201001 
6202001 
10050000 
20006101 
20006103 
20006105 
20006106 
20006110 
20006122 
20006123 
20006124 
20006125 
20006126 
20006127 
20006128 
20006129 
20006130 
20006131 
20006132 
20006133 
20006134 
20006135 
20006136 
20006137 
20008500 
20008501 
20008510 
20008511 
20008512 
20008520 
20008521 
20008530 
20008531 
20008540 
20008550 
20008551 
20008552 
20008553 
20008560 
20008570 
20008580 
20008581 
20008590 
20008600 
20010110 
20050000 
20050001 
20050002 
20050003 
20050004 
20050050 
20050051 
20050100 
20050101 
20050102 
20050150 
20050151 
20050152 
20050153 
20050154 
20050155 
20050200 
20050210 
20050211 
20050212 
20050213 
20050214 
20050215 
20050220 
20050221 
20050222 
20050224 
20050225 
20050229 
20050250 
20050251 
20050252 
20050253 
20050254 
20050255 
20050256 
20050257 
20050258 
20050300 
20050350 
20050400 
20050450 
20050451 
20050452 
20050453 
20050454 
20050455 
20050456 
20050457 
20050458 
20050459 
20050460 
20050461 
20050500 
20050503 
20050505 
20050506 
20050507 
20050550 
20050551 
20050552 
20050553 
20050554 
20050555 
20050556 
20050557 
20050558 
20050559 
20050560 
20050600 
20050601 
20050602 
20050603 
20050604 
20050605 
20050606 
20050607 
20050608 
20050650 
20050700 
20050900 
20050950 
20051000 
20052010 
20052011 
20052015 
20052016 
20052050 
20052051 
20052100 
20052101 
20052102 
20052150 
20052200 
20052201 
20052202 
20052250 
20052300 
20052301 
20052350 
20052351 
20052400 
20052450 
20052500 
20052550 
20052600 
20052650 
20052651 
20052652 
20052653 
20052654 
20052700 
20052701 
20052702 
20052750 
20052751 
20052800 
20052850 
20052851 
20052852 
20052853 
20052854 
20052855 
20052856 
20053000 
20090000 
20090001 
20090002 
20090050 
20090051 
20104380 
20200010 
20200011 
20200020 
20200021 
20200022 
20200030 
20200040 
20200041 
20200042 
20700000 
21080000 
21110000 
21111000 
21120000 
21140000 
21140001 
21141000 
21141001 
21142000 
21142001 
21143000 
21143001 
21145000 
21145001 
21145002 
21148000 
21148001 
21160000 
21160001 
21201000 
21202000 
21203000 
21210000 
21210001 
21430000 
21490000 
21490001 
21691000 
21691002 
21692000 
21800000 
22816000 
22820000 
23100000 
23101000 
23104000 
23107000 
999999999 
