# Common
1
10
70
100
123
190
201
203
301
500
766
767
768
770
771
772
1000
1001
1258
1259
4042
4043
4044
4045
4064
4243
4291
4295
5298
6000
6010
7000
7001
7002
7010
7011
7012
8000
9000
90300
90302
90303
90304
90305
90311
91000
92000
101000
101001
101002
101003
101004
101005
101010
101011
101012
101013
101014
101030
101031
101032
101033
101034
101041
101110
101111
101112
101113
101114
101120
101121
101122
101123
101124
101130
101131
101132
101133
101134
101140
101141
101142
101143
101144
101151
101161
103000
103001
103002
103003
103004
103005
103010
103011
103012
103013
103014
103030
103031
103032
103033
103034
103110
103111
103112
103113
103114
103120
103121
103122
103123
103124
103130
103131
103132
103133
103134
103140
103141
103142
103143
103144
106161
107000
107001
107002
107003
107004
107005
107010
107011
107012
107013
107014
107030
107031
107032
107033
107034
107110
107111
107112
107113
107114
107120
107121
107122
107123
107124
107140
107141
107142
107143
107144
107161
108000
108001
108002
108003
108004
108005
108010
108011
108012
108013
108014
108030
108031
108032
108033
108034
108110
108111
108112
108113
108114
108120
108121
108122
108123
108124
108130
108131
108132
108133
108134
108140
108141
108142
108143
108144
111000
111001
111002
111003
111004
111005
111010
111011
111012
111013
111014
111030
111031
111032
111033
111034
111041
111110
111111
111112
111113
111114
111120
111121
111122
111123
111124
111130
111131
111132
111133
111134
111140
111141
111142
111143
111144
111161
111200
111201
111202
111203
111204
111210
111211
111212
111213
111214
113031
113032
113033
113034
113161
113200
113201
113202
113203
113204
113210
113211
113212
113213
113214
120000
120001
120002
120003
120004
120010
120011
120012
120013
120014
120030
120031
120032
120033
120034
120110
120111
120112
120113
120114
120120
120121
120122
120123
120124
120140
120141
120142
120143
120144
120161
120200
120201
120202
120203
120204
120210
120211
120212
120213
120214
121000
121001
121002
121003
121004
121010
121011
121012
121013
121014
121030
121031
121032
121033
121034
121110
121111
121112
121113
121114
121120
121121
121122
121123
121124
121131
121140
121141
121142
121143
121144
130000
130001
130002
130003
130004
130010
130011
130012
130013
130014
130030
130031
130032
130033
130034
130110
130111
130112
130113
130114
130120
130121
130122
130123
130124
130140
130141
130142
130143
130144
141001
141011
141031
141111
141121
141131
141141
141151
141161
201000
201001
201002
201003
201004
201005
201006
201007
201008
201009
201506
202000
202001
202002
202003
202004
202005
202006
202007
202008
202009
203000
203001
203002
203003
203004
211000
211001
211002
211003
211004
216000
216001
216002
216003
216004
216005
216006
216007
216008
216009
217000
217001
217002
217003
217004
218000
218001
218002
218003
218004
240001
241001
242000
242001
242002
242003
242004
243000
243001
243002
243003
243004
250000
250001
250002
250003
250004
250005
250006
250007
250008
250009
250106
250206
250306
250406
255000
255001
255002
255003
255004
255005
255006
255007
255008
255009
255106
255206
255306
255406
257006
257106
257206
257306
257406
259000
259001
259002
259003
259004
260000
260001
260002
260003
260004
260005
260006
260007
260008
260009
260106
260206
260306
260406
265000
265001
265002
265003
265004
265005
265006
265007
265008
265009
265106
265206
265306
265406
266000
266001
266002
266003
266004
266005
266006
266007
266008
266009
267000
267001
267002
267003
267004
267006
267106
267206
267306
267406
268000
268001
268002
268003
268004
268006
268106
268206
268306
268406
269000
269001
269002
269003
269004
269006
269106
269206
269306
269406
271000
271001
271002
271003
271004
271006
271106
271206
271306
271406
272000
272001
272002
272003
272004
272006
272106
272206
272306
272406
273000
273001
273002
273003
273004
273005
273006
273007
273008
273009
273106
273206
273306
300000
300011
300012
300013
300020
300021
300030
300031
300032
400000
400001
400003
400011
400013
400014
400020
400021
400023
400025
400026
400030
400031
400032
400033
400037
400039
400041
400043
400050
400051
400053
400060
400061
400062
400070
400071
400072
400073
400075
400076
400077
400081
400082
400092
400093
400100
400101
400110
400111
400112
400120
400142
400170
400180
410000
410001
410002
410003
410010
410011
410012
410013
410020
410021
410022
410030
410031
410032
411000
411001
411002
411003
411010
411011
411012
411013
411020
411021
411022
411030
411031
411032
412000
412001
412002
412003
412010
412011
412012
412013
412020
412021
412022
412030
412031
412032
430000
430001
430002
430011
431000
431001
431002
431011
432000
432001
432002
432011
440001
440011
440101
441001
441011
441101
442001
442002
442011
442101
450000
450001
450002
451000
451001
451002
452000
452001
452002
468001
468011
468021
488001
488101
600010
600011
600020
600030
601000
601001
601002
601003
610200
610201
610300
610301
642197
650221
673200
685430
685431
685432
800000
800010
800011
800012
800020
800021
800022
800030
800040
800041
800042
800043
800050
800051
800060
800061
800062
800063
800170
800171
800180
800181
800190
800220
800230
800231
800232
800233
800234
800240
800241
800242
800243
800244
800250
800251
800252
800261
806000
806100
806110
806120
808001
808002
808003
808004
810000
810001
810002
810003
810004
810005
810010
810011
810012
810020
810021
810022
810030
810031
810032
810033
810034
810040
810041
810042
810043
810050
810061
810070
810080
810090
810100
810161
810171
831010
831050
831051
831052
850600
870010
870015
870030
870031
870032
870040
870070
870080
881000
881001
881002
881010
890000
890001
890002
890003
890004
890005
890006
890007
890010
890013
890014
890015
890016
890017
890020
890021
890022
890023
890024
890025
890026
890100
890110
899000
989994
989995
990000
990001
990002
990005
990009
990020
990021
990050
990051
990055
990070
990071
990072
990076
990080
990081
990082
990083
990090
990091
990092
990095
990100
990101
990102
990105
990120
990121
990150
990151
990155
990180
990181
990182
990183
990200
990201
990202
990205
990210
990211
990212
990213
990215
990220
990221
990222
990223
990224
990225
990229
990230
990231
990232
990235
990300
990310
990800
990850
990900
990901
990902
990903
990911
990912
990913
990941
990942
990943
990951
990952
990953
991000
991001
991002
991005
991006
991010
991011
991012
991015
991016
991100
991200
991201
991202
991203
991204
991205
991206
991207
991211
991212
991215
991300
991301
991302
991305
991307
991308
991309
991310
991311
991312
991315
991400
991401
991402
991405
991410
991411
991412
991415
991500
991501
991502
991505
991506
991507
991510
991511
991512
991515
991516
991605
991606
991615
991700
991701
991702
991703
991710
991711
991712
991713
991714
991715
991800
991801
991802
991804
991805
991806
991807
991808
991809
991810
991811
991812
991815
991816
991817
991900
991901
991902
991905
991906
991907
991910
991915
991916
991917
992000
992005
992011
992012
992015
992100
992101
992102
992105
992110
992111
992115
992200
992201
992202
992205
992206
992207
992210
992215
992216
992217
995000
995001
995100
997000
999000
999010
999100
999101
999200
999500
999600
1002022
1002043
1003010
1003011
1003020
1003080
1003090
1003091
1003092
1003093
1004010
1004030
1004060
1004061
1007000
1007001
1007005
1007006
1007010
1007011
1007100
1007101
1007102
1007103
1007104
1007105
1007106
1007110
1007120
1007121
1007122
1007140
1007400
1007410
1007411
1007412
1007413
1007414
1007420
1007430
1007431
1008000
1008100
1008200
1008300
1008301
1008302
1008303
1008450
1008460
1036000
1039120
1039470
1039473
1039700
1101210
2001000
2001100
2001200
2001300
2002000
2002001
2002100
2002101
2002200
2002201
2002300
2002301
2003000
2003100
2003200
2003300
2004000
2004100
2004200
2004300
2050000
2050100
5000400
5000401
5000402
5001000
5001001
5001002
5001003
5001004
5001050
5001051
5001052
5001053
5001054
5001100
5001101
5001102
5001103
5001104
5001105
5001150
5001151
5001152
5001153
5001154
5001155
5001300
5001301
5001302
5001303
5001304
5002000
5002001
5002002
5002003
5002004
5002011
5002012
5002013
5002014
5002050
5002051
5002052
5002053
5002054
5002061
5002062
5002063
5002064
5002100
5002101
5002102
5002103
5002104
5002105
5002111
5002112
5002113
5002114
5002150
5002151
5002152
5002153
5002154
5002155
5002161
5002162
5002163
5002164
5002300
5002301
5002302
5002303
5002304
5003000
5003001
5003002
5003003
5003004
5003050
5003051
5003052
5003053
5003054
5003100
5003101
5003102
5003103
5003104
5003105
5003113
5003150
5003151
5003152
5003153
5003154
5003155
5003163
5003300
5003301
5003302
5003303
5003304
5009100
5009101
5009102
5009103
5009104
5009105
5009150
5009151
5009152
5009153
5009154
5009155
5011100
5011101
5011102
5011200
5011201
5011202
5012100
5012101
5012102
5012200
5012201
5012202
5013100
5013101
5013102
5013200
5013201
5013202
5041001
5042000
5043000
5043001
6000000
6000001
6000002
6000003
6000004
6000005
6000006
6000007
6000009
6000011
6000013
6000015
6000020
6000028
6000100
6000101
6000102
6000103
6000104
6000105
6000106
6000107
6000109
6000111
6000113
6000115
6000120
6001000
6001001
6001002
6001003
6001004
6001005
6001006
6001007
6001009
6001011
6001013
6001015
6001020
6001028
6001100
6001101
6001102
6001103
6001104
6001105
6001106
6001107
6001109
6001111
6001113
6001115
6001120
6002000
6002001
6002002
6002003
6002004
6002005
6002006
6002007
6002009
6002011
6002013
6002015
6002100
6002101
6002102
6002103
6002104
6002105
6002106
6002107
6002109
6002111
6002113
6002115
6003000
6003001
6003003
6003004
6003005
6003007
6003009
6003011
6003015
6003100
6003101
6003103
6003104
6003105
6003107
6003109
6003111
6003115
6011000
6011001
6011002
6011100
6011101
6011102
6011103
6011104
6011200
6011201
6011202
6012100
6012101
6012102
6012103
6012104
6013100
6013101
6013102
6014000
6014001
6014002
6014100
6014101
6014102
6014200
6014201
6014202
6014300
6015100
6015101
6015102
6015103
6015104
6015200
6015201
6015202
6015300
6016100
6016101
6016102
6016104
6017100
6017101
6017105
6017106
6017108
6017109
6017110
6017200
6017201
6017205
6017206
6017208
6017209
6017300
6017301
6017308
6017400
6018100
6018101
6018102
6018103
6018104
6021100
6021101
6021102
6021103
6021104
6021200
6021201
6021202
6030100
6030101
6030102
6030103
6030104
6030111
6030112
6031100
6031101
6031102
6031104
6031114
6031124
6031200
6031201
6031202
6031204
6032100
6032101
6032102
6041000
6041001
6041004
6041100
6041101
6041104
6041113
6041115
6041200
6041201
6041204
6042100
6042101
6042103
6043100
6043101
6043102
6043103
6051100
6051101
6051102
6051103
6051104
6052103
6061100
6061101
6061102
6061103
6061105
6071000
6071001
6071100
6071101
6081000
6081001
6081002
6081003
6081004
6081100
6081101
6081102
6081103
6081104
6081105
6081200
6081201
6081202
6081203
6081204
6081301
6082100
6082101
6082102
6082104
6082105
6083004
6083100
6083101
6083104
6083114
6084100
6084101
6084102
6084104
6085100
6085102
6085104
6085105
6085106
6086100
6086101
6086102
6086104
6087100
6087101
6087104
6087105
6087106
6087107
6087110
6087111
6087114
6087115
6087116
6087117
6088100
6088101
6088102
6088105
6088106
6089100
6089101
6089102
6089103
6089104
6089106
6091100
6091101
6091102
6091104
6091105
6091106
6091107
6091108
6091109
6091110
6091112
6091113
6091114
6091115
6091116
6091117
6091122
6091123
6091124
6091125
6091126
6091127
6091128
6091129
6091200
6091201
6091202
6091205
6091206
6091207
6091208
6091209
6091305
6091308
6091309
6091408
6092102
6092103
6092104
6092105
6092106
6092107
6092108
6092118
6092119
6100000
6100001
6100011
6100020
6100021
6100031
6100100
6100101
6100110
6100111
6100120
6100121
6100131
6100200
6100201
6101000
6101001
6101004
6101010
6101011
6101014
6101100
6101101
6101104
6101105
6101106
6101107
6101108
6101109
6101112
6101113
6101114
6101115
6101116
6101117
6101123
6101124
6101125
6101126
6101127
6101133
6101134
6101135
6101136
6101137
6101200
6101201
6101204
6101205
6101206
6101207
6101208
6101209
6102100
6102101
6102102
6102103
6102104
6102105
6102106
6102107
6102108
6102109
6102112
6102113
6102114
6102115
6102116
6102117
6102118
6103000
6103001
6103003
6103005
6103006
6103007
6103008
6103009
6103100
6103101
6103102
6103103
6103105
6103106
6103107
6103108
6103109
6103110
6103112
6103113
6103114
6103115
6103116
6103117
6103122
6103123
6103124
6103125
6103126
6103127
6103132
6103133
6103134
6103135
6103136
6103137
6103142
6103143
6103144
6103145
6103146
6103147
6103150
6103151
6103152
6103153
6103155
6103156
6103157
6103158
6103159
6103163
6103164
6103165
6103166
6103167
6103168
6103169
6103170
6103200
6103201
6103202
6103203
6103205
6103206
6103207
6103208
6103209
6103300
6103303
6103305
6103306
6103308
6103309
6103408
6104000
6104001
6104100
6104101
6104102
6104105
6104106
6104107
6104108
6104109
6104110
6104111
6104112
6104113
6104114
6104115
6104116
6104117
6104118
6104125
6104126
6104127
6104128
6104130
6104131
6104200
6104201
6104208
6104209
6104308
6104408
6104508
6105200
6105201
6105207
6105208
6111100
6111101
6111114
6111120
6111121
6111124
6111134
6111200
6111201
6121100
6121101
6121102
6121111
6131101
6131103
6131104
6131200
6131201
6131202
6131203
6131205
6141100
6141101
6141102
6141104
6142100
6142101
6142102
6142103
6142104
6142105
6143100
6143101
6143102
6144100
6144101
6144102
6144103
6144104
6144105
6144106
6144107
6144108
6144109
6145100
6145101
6145103
6145105
6145106
6145107
6145110
6145111
6145112
6145113
6145114
6146100
6146101
6146103
6146104
6146105
6147100
6147101
6147103
6147104
6147106
6147110
6147111
6147114
6147115
6147116
6147117
6148100
6148105
6151001
6151101
6151104
6161100
6162100
7000000
7000001
7000002
7000005
7000006
7000010
7000011
7000020
7000021
7000022
7000023
7000024
7000025
7000026
7000030
7000031
7000032
7000033
7000034
7000035
7000036
7000040
7000041
7000042
7000043
7000044
7000045
7000046
7000050
7000051
7000052
7000070
7000071
7000072
7000100
7000101
7000102
7000103
7000104
7000105
7000106
7000107
7000108
7000109
7000110
7000120
7000121
7000122
7000201
7000202
7000203
7000204
7002001
7002002
7002003
7002004
7003001
7500030
7500031
7500032
7500040
7500050
7500051
7500052
7500060
7500070
7500080
7500090
7504125
8000010
8000011
8000020
8000030
8000031
8000032
8000035
8000036
8000040
8000041
8000042
8000045
8210000
8210001
8210002
8210003
8210004
8210005
8210006
8210010
8210011
8210020
8210030
8210031
8210032
8210040
8210050
8210060
8210061
8210070
8400000
8400001
8400002
8400003
8400004
8400005
8400010
8400030
8400031
8400032
8400040
8400041
8400042
8400050
8400051
8400052
8400070
8400071
8400072
8400080
8400081
8400082
8400090
8400091
8400092
8400100
8400101
8400110
8400111
8400112
8400120
8400130
8400131
8400132
8400140
8400141
8400142
8400150
8400151
8400152
8400160
8400161
8400162
8400170
8400171
8400172
8400190
8400191
8400192
8400202
8400210
8400211
8400212
8400220
8400221
8490000
8490001
8490002
8490022
8600000
8600001
8600002
8600003
8600004
8600005
8600100
8600101
8600102
8600103
8600104
8600105
8601000
8601001
8601002
8601003
8601004
8601100
8601101
8601102
8601103
8601104
8601105
8602000
8602010
8602011
8602012
8602013
8603000
8603010
8604000
8605000
8605010
8800010
8800020
8800021
8800022
8800023
8800025
700000000
700000001

# m00
630010
630020
630200
630201
630202
630203
630210
630211
630212
630220
630230
634000
634010
634020
634021
634022
634023
634041
634042
634045
634050
634060
672600
672700
672701
672702
800070
800071
800073
800074
800075
800076
800077
800080
800081
800200
800210
800211
800300
800301
800302
800303
800304
800305
800313
810200
7000300
7000301
7000302

# m03
630010
630020
630200
630201
630202
630203
630210
630211
630212
630220
630230
630500
630501
630502
630510
630511
630512
630513
630514
632000
632001
632002
632003
632010
632011
632012
632013
632015
632020
632030
632035
632500
632501
632502
632510
632511
632512
632513
632514
632520
632521
632522
632523
632526
632527
632528
632529
632530
632531
632532
632533
632534
632535
632536
632537
632538
632539
632540
632541
632560
632561
632570
632600
632601
632602
632603
632604
632605
632606
632607
632608
632610
632611
632620
632621
632622
632623
632624
632629
632630
632631
632632
632633
632634
632636
632637
632638
632639
632640
632641
632642
632650
632651
632652
632660
634000
634010
634020
634021
634022
634023
634041
634042
634045
634050
634060
640000
640001
640002
640003
640004
640010
640011
640012
640013
640020
640025
640030
640040
640090
641015
641016
650000
650001
650010
650011
650020
650100
650101
650110
650111
650112
650115
650116
650120
650125
650130
651000
651010
651011
651012
651020
651030
651031
651040
651041
651042
651043
651050
651200
651201
651202
651203
651204
651210
651220
651221
651222
651230
651240
651241
651242
651243
651255
651260
651261
651500
651501
651502
651510
651511
651512
651520
653000
653010
653011
653030
653040
655001
655002
655011
655020
655022
655023
655030
662491
662492
662493
662494
662495
662496
662510
662515
662519
662520
662521
662522
662523
662524
662525
662526
662527
662528
662529
662532
662533
662535
662536
662540
662545
662546
662550
662558
662559
662560
662561
662562
662563
662564
662565
662566
662570
662571
662572
662575
662576
662577
662578
662579
662580
662588
662589
662590
662591
662592
662593
662595
662596
672600
673000
673001
673002
673003
674000
674010
674011
674012
674013
674020
674021
674030
674031
674032
674033
674034
674040
674050
674051
674060
674061
674062
674063
674070
674071
674080
674081
674090
674095
674096
674100
674110
674111
674120
674130
674140
803000
803001
803002
803003
803004
803006
803007
803009
803010
803011
803012
803020
803021
803025
820000
821000
822000
822010
822020
822021
822022
822030
822031
822040
822049
822050
822051
822052
822053
822054
822055
822056
822057
822058
822059
822060
822065
822070
822071
822073
822075
822080
822085
822086
822087
822088
822090
822091
822092
823000
831143
1034100
1034101
1039110
1039472
1101200
7031000
7031001
7031002
7031003
7031004
7031005
7031006
7031007
7031008
7031009
7031010
7031011
7031012
7031013
7031014
7031015
7031016
7031017
7031018
7031019
7031020
7031021
7031022
7031023
7031024
7031025
7031026
7031027
7031028
7031029
7031030
7031031
7031033
7032009
7032010
7032011
7032012
7032013
7032014
7032015
7032018
7032019
7032020
7032021
7032022
7032024
7032030
7032031
7032040
7032050
7032052
7032055
7032056
7032060
7033000
7033001
7033002
7033003
7033004
7033005
7033006
7033007
7033008
7033009
7033010
7033011
7033012
7033013
7033014
7033015
7033016
7033017
7033018
7033019
7033020
7033101
7033102
7033103
7033104
7033105
7033106
7033107
7033108
7033109
7033110
7033111
7033112
7033113
7033114
7033115
7033116
7033117
7033119
7034001
7034002
7034003
7034004
7034005
7034006
7034007
7034008
7034009
7034101
7034102
7034103
7034104
7034105
7034106
7034107
7034108
7034109
7034110
7034111
7034112
7034114
7034115
7034116
7034117
7034118
7034119
7034120
7036500
7036501
7036506
7036507
7036508
7036509
7202601
7504400
7504401
7504402
7504403
7504404
7504405
7504410
7504411
7504412
7504413
7504414
7504415
7504416
7504417
7504418
7504419
7504420
7504421
7504422
7504423
7504424
7504425
7504426
7504427
7504428
7504429

# m10
630010
630020
630200
630201
630202
630203
630210
630211
630212
630220
630230
633000
633001
633005
633013
633014
633020
633024
633030
633031
633032
633033
633034
633035
633036
633040
633049
633050
633051
633052
633053
633060
633065
634000
634010
634020
634021
634022
634023
634041
634042
634045
634050
634060
636000
636010
636011
636012
636020
636021
636022
636023
636025
636030
636031
636032
636040
636041
636042
636045
636046
641500
641501
641510
641511
641512
641513
641520
641521
641530
641540
641541
641542
641550
650000
650001
650010
650011
650020
650200
650201
650202
650203
650204
650205
650210
650211
650212
650213
650214
650220
650222
650225
650230
650231
650235
650236
650240
650241
650245
650250
650251
650252
650255
650260
650261
650262
650265
650266
650267
651200
651201
651202
651203
651204
651210
651220
651221
651222
651230
651240
651241
651242
651243
651255
651260
651261
651500
651501
651502
651510
651511
651512
651520
653000
653010
653011
653030
653040
660500
660501
660515
660516
660517
660520
660521
660522
660523
660525
660532
660533
660534
660540
660541
660542
660545
660550
660551
660552
660555
660556
660557
660561
660565
660566
660570
660580
660581
661000
661001
661002
661003
661009
661010
661011
661012
661013
661014
661015
661023
661031
661032
661033
661040
661041
661042
661043
661060
661061
661070
661071
661081
661082
661083
661085
661090
661091
661092
661093
661095
661099
803002
822020
822022
822058
822059
830000
830010
830015
830016
830017
830020
830050
830051
830052
830060
831000
831011
831020
831021
831030
831040
831041
831060
831061
831062
831070
831071
831072
831080
831081
831082
831090
831091
831092
831100
831101
831120
831130
831135
831140
831141
831142
831145
831150
831161
831170
831171
831180
831181
831190
832000
832010
832020
832021
832030
870110
1007007
1007108
1007109
1007415
1007416
1007417
1007418
1007419
1039110
1039472
1039701
1039702
1039703
1101000
1101100
1101101
1101102
1101103
1101104
1101105
1101106
1101107
1101108
1101109
1101110
1101111
1101113
1101114
1101120
1101121
1101200
1101211
1101219
1101220
1101230
1101240
1101250
1102000
1102020
1102030
1102031
1102040
1102200
7100100
7100101
7100102
7100103
7100104
7100105
7100106
7100107
7100108
7100109
7100110
7100111
7100112
7100113
7100114
7100115
7100116
7100117
7100118
7100119
7100120
7100121
7100122
7100123
7100124
7100125
7101010
7101011
7101020
7101021
7101022
7101023
7101024
7101025
7101031
7101032
7101040
7101050
7101051
7101052
7101053
7102026
7102027
7102028
7102029
7102030
7102031
7102032
7102033
7102034
7102035
7102036
7102037
7102038
7102039
7102044
7102045
7102047
7102048
7102049
7102050
7102051
7102052
7102053
7102054
7102055
7102056
7102057
7102058
7102059
7102060
7102061
7102062
7102070
7102071
7102072
7102073
7102074
7102075
7102076
7102077
7102079
7102080
7102082
7202201
7202202
7202203
7202601
7500108
7500109

# m20
630200
630201
630202
630203
630210
630211
630212
630220
630230
630500
630501
630502
630510
630511
630512
630513
630514
631010
631011
631013
631014
631015
631020
631022
631023
631026
631030
631040
631050
631060
632500
632501
632502
632510
632511
632512
632513
632514
632520
632521
632522
632523
632526
632527
632528
632529
632530
632531
632532
632533
632534
632535
632536
632537
632538
632539
632540
632541
632560
632561
632570
632600
632601
632602
632603
632604
632605
632606
632607
632608
632610
632611
632620
632621
632622
632623
632624
632629
632630
632631
632632
632633
632634
632636
632637
632638
632639
632640
632641
632642
632650
632651
632652
632660
633000
633001
633005
633013
633014
633020
633024
633030
633031
633032
633033
633034
633035
633036
633040
633049
633050
633051
633052
633053
633060
633065
634000
634010
634020
634021
634022
634023
634041
634042
634045
634050
634060
636000
636010
636011
636012
636020
636021
636022
636023
636025
636030
636031
636032
636040
636041
636042
636045
636046
640020
641000
641001
641002
641005
641006
641010
641011
641013
641014
641015
641016
641017
641018
641019
641020
641021
641022
641024
641025
641026
641027
641028
641030
641031
641033
641034
641035
641036
641037
641038
641039
641040
641041
641043
641044
641045
641046
641047
641048
641049
641050
641051
641052
641053
641054
641055
641056
641057
641059
641061
641062
641064
641065
641066
641067
641068
641070
641072
641073
641074
641075
641076
641077
641080
641081
641082
641084
641085
641086
641087
641089
641090
641095
641096
641099
641100
641101
641102
641103
641104
641109
641110
641111
641112
641131
641133
641170
641171
641175
641176
641180
641181
641182
641183
641190
641194
641195
641500
641501
641510
641511
641512
641513
641520
641521
641530
641540
641541
641542
641550
642099
650000
650001
650010
650011
650020
650100
650101
650110
650111
650112
650115
650116
650120
650125
650130
650200
650201
650202
650203
650204
650205
650210
650211
650212
650213
650214
650220
650222
650225
650230
650231
650235
650236
650240
650241
650245
650250
650251
650252
650255
650260
650261
650262
650265
650266
650267
651000
651010
651011
651012
651020
651030
651031
651040
651041
651042
651043
651050
651200
651201
651202
651203
651204
651210
651220
651221
651222
651230
651240
651241
651242
651243
651255
651260
651261
653000
653010
653011
653030
653040
660500
660501
660515
660516
660517
660520
660521
660522
660523
660525
660532
660533
660534
660540
660541
660542
660545
660550
660551
660552
660555
660556
660557
660561
660565
660566
660570
660580
660581
672600
673100
673101
673102
673103
673110
673111
673112
673113
673115
674000
674010
674011
674012
674013
674020
674021
674030
674031
674032
674033
674034
674040
674050
674051
674060
674061
674062
674063
674070
674071
674080
674081
674090
674095
674096
674100
674110
674111
674120
674130
674140
803000
803001
840000
840010
840011
840012
840013
840014
840015
840016
840017
840018
840019
840020
840021
840022
840023
840024
840025
840026
840027
840028
840030
840031
840032
840050
840051
840052
840100
840110
841000
841020
841030
841031
841032
841033
841034
841040
841100
841110
841200
841201
841202
841203
841204
841250
842000
842010
842011
842012
842020
842030
842031
842032
842033
842040
842050
842060
842061
842062
842070
842071
842072
842080
842081
842082
1039470
1101100
1101103
1101106
1101108
7000060
7202010
7202020
7202021
7202022
7202030
7202031
7202040
7202041
7202050
7202100
7202101
7202103
7202104
7202105
7202106
7202107
7202108
7202109
7202110
7202111
7202112
7202113
7202114
7202115
7202116
7202117
7202118
7202119
7202120
7202121
7202123
7202124
7202130
7202131
7202132
7202133
7202134
7202135
7202140
7202145
7202160
7202170
7202171
7202172
7202173
7202180
7202181
7202190
7202300
7202301
7202302
7202303
7202304
7202305
7202306
7202310
7202320
7202322
7202323
7202324
7202325
7202326
7202327
7202330
7202331
7202332
7202333
7202334
7202335
7202340
7202341
7202342
7202343
7202344
7202345
7202346
7202347
7202348
7202349
7202350
7202351
7202352
7202354
7202355
7202356
7202357
7202358
7202359
7202370
7202371
7202372
7202373
7202375
7202376
7202378
7202380
7202381
7202382
7202383
7202384
7202390
7202392
7202393
7202394
7202395
7202396
7202397
7202398
7202399
7202401
7202501
7202502
7202503
7202504
7202505
7202506
7202507
7202508
7202509
7202510
7202511
7202512
7202513
7202514
7202515
7202516
7202517
7202518
7202519
7202601
7202602
7203010
7203011
7203020
7203021
7203022
7203023
7203024
7203030
7203050
7203051
7203052
7203053
7203054
7203055
7203056
7203060
7203065

# m30
642001
642002
642003
642004
642005
642006
642015
642016
642025
642026
642027
642028
642031
642034
642035
642036
642040
642041
642042
642043
642044
642045
642046
642047
642048
642049
642050
642051
642052
642055
642056
642057
642058
642059
642060
642061
642062
642064
642065
642066
642067
642068
642070
642071
642075
642076
642077
642079
642080
642082
642083
642084
642085
642086
642087
642088
642090
642091
642093
642094
642095
642096
642097
642098
642099
642100
642140
642141
642142
642143
642144
642145
642146
642147
642148
642151
642152
642153
642154
642155
642156
642157
642160
642161
642162
642165
642166
642167
642168
642170
642171
642172
642173
642180
642182
642184
642186
642187
642189
642194
642195
642196
642197
661000
661001
661002
661003
661009
661010
661011
661012
661013
661014
661015
661023
661031
661032
661033
661040
661041
661042
661043
661060
661061
661070
661071
661081
661082
661083
661085
661090
661091
661092
661093
661095
661098
661099
661112
661115
661120
661140
661141
661142
661185
661190
850700
850701
850702
850703
850705
850710
850711
850712
850713
850720
850721
850722
850723
850730
850740
850741
850742
850743
850760
850770
850771
1032000
1033000
1034000
1035000
1039472
7102000
7102001
7102002
7102003
7102004
7102005
7102006
7102007
7102008
7102009
7102010
7102011
7102012
7102013
7102014
7102015
7102016
7102017
7102018
7102019
7102020
7102021
7102022
7102023
7102024
7102063
7102064
7102065
7102067
7102069
7102078
7102081
7102083
7300000
7300001
7300002
7300003
7300004
7300005
7300006
7300007
7300008
7300009
7300010
7300011
7300012
7300013
7300014
7300015
7300016
7300017
7300018
7300019
7300020
7300021
7300022
7300023
7300024
7300025
7300026
7300027
7300028
7300029
7300030
7300031
7300032
7300033
7300034
7300036
7300037
7300038
7300039
7300040
7300041
7300042
7300043
7300044
7300045
7300046
7300047
7300048
7300049
7300050
7300051
7300052
7300053
7300054
7300056
7300057
7300058
7300201
7300202
7300203
7300204
7300205
7300206
7300207
7300300
7300301
7300302
7300303
7300304
7300305
7300306
7300307
7300308
7300309
7300310
7300311
7300312
7300313
7300314
7300315
7300316
7300317
7300318
7301010
7301011
7301020
7301030
7301040
7301051
7301052
7301053
7301054
7301056
7301057
7301058
7301059
7301060
7301061
7301062
7301063
7301064
7301065
7301066
7301070
7301071
7301072
7301080
7301081
7301083
7301091
7301092
7301093
7304000
7304001
7304002
7304010
7304011
7304012
7304013
7304014
7304015
7304016
7304017
7304018
7304019
7304020
7304021
7304022
7304023
7304024
7304031
7304032
7304043
7304044
7304051
7304052
7304053
7304054
7304055
7304056
7304057
7304060

# m41
630010
630020
630200
630201
630202
630203
630210
630211
630212
630220
630230
630500
630501
630502
630510
630511
630512
630513
630514
632500
632501
632502
632510
632511
632512
632513
632514
632520
632521
632522
632523
632526
632527
632528
632529
632530
632531
632532
632533
632534
632535
632536
632537
632538
632539
632540
632541
632560
632561
632570
632600
632601
632602
632603
632604
632605
632606
632607
632608
632610
632611
632620
632621
632622
632623
632624
632629
632630
632631
632632
632633
632634
632636
632637
632638
632639
632640
632641
632642
632650
632651
632652
632660
634000
634010
634020
634021
634022
634023
634041
634042
634045
634050
634060
635000
635005
635090
637000
637001
637002
637003
637010
637011
637012
637013
637014
637015
637016
637020
637021
637022
637023
637024
637025
637030
637031
637035
637036
637040
637041
637042
637045
637050
637051
637052
637053
637060
637070
637071
641015
641016
642099
642505
642506
642525
642530
642531
642532
642535
642536
642537
642540
642541
642542
642543
642550
642551
642552
642553
642560
642561
642562
642563
642564
642570
642572
642573
642574
642575
642580
642581
642582
642585
642586
642587
642600
642601
642605
642610
642611
642615
642620
642621
642622
642623
642625
642626
642630
642631
642632
642635
642636
642640
650000
650001
650010
650011
650020
650100
650101
650110
650111
650112
650115
650116
650120
650125
650130
651000
651010
651011
651012
651020
651030
651031
651040
651041
651042
651043
651050
651200
651201
651202
651203
651204
651210
651220
651221
651222
651230
651240
651241
651242
651243
651255
651260
651261
652500
652501
652502
652503
652504
652505
653000
653010
653011
653030
653040
655001
655002
655011
655020
655022
655023
655030
672800
672801
672802
672810
672811
672812
672814
673901
673903
673904
673905
673906
673919
673920
673921
673922
673923
673924
673930
673931
673932
673933
673934
673935
673936
673990
673991
673992
673993
673994
673995
674100
674110
674111
674120
674130
674140
681300
681301
681302
681309
681310
681311
681312
681320
681321
681329
681330
681331
681332
681333
681334
681335
681336
681337
681339
681340
681341
681342
681343
681344
681346
681347
681348
681350
681351
681352
681353
681355
681356
681357
681360
681361
681362
681366
681367
681370
681371
681372
803000
803001
803002
803003
803004
803006
803007
803009
810110
810111
810120
810121
810130
810131
810132
810140
810141
810142
810150
810151
810152
822022
841010
860000
860001
860002
860003
860004
860005
860010
860011
860020
860021
860030
860040
860080
860081
860082
860085
860090
860091
860092
860093
860100
860101
860102
860110
860120
860130
860150
860160
860170
860180
860190
860191
860200
860201
860202
860210
860211
860212
860213
860214
860220
860221
860230
860300
860310
860311
860312
860313
860320
860321
860322
860330
860331
860332
860333
860335
860336
860340
860341
860350
860355
860360
860370
860380
860381
861000
861010
861020
861030
1039470
1101100
1101103
1101105
1101106
1101108
1101113
7202601
7410001
7410002
7410003
7410004
7410005
7410006
7410010
7410011
7410012
7410013
7410014
7410015
7411010
7411011
7411012
7411013
7411014
7411020
7411021
7411022
7411023
7411030
7411031
7411032
7411033
7411041
7411042
7411043
7411044
7411045
7411046
7411047
7411048
7411050
7411051
7411052
7411053
7411054
7411060
7411061
7411062
7411063
7411064
7411065
7411066
7412010
7412011
7412012
7412013
7412014
7412015
7412016
7412020
7412021
7412022
7412030
7412031
7412032
7412033
7412040
7412041
7412042
7412050
7412051
7412052
7412053
7412054
7413000
7413001
7413005
7413010
7413015
7413016
7413017
7413020
7413021
7413022
7413023
7413025
7413026
7413027
7413028
7413030
7413050
7413051
7413052
7413080
7413085
7413090
7413091
7413095
7414000
7414001
7414003
7414004
7414005
7414006
7414007
7414008
7414009
7414010
7414011
7415000
7415001
7415002
7415003
7415004
7415005
7415006
7415007
7415008
7415009
7415010
7415011
7415012
7415013
7415014
7415015
7415016
7415017
7415018
7415019
7415020
7415021
7415022
7415023
7415024
7415025
7415026
7415027
7415028
7415029
7415030
7415031
7415032
7415033
7415034
7415035
7415036
7415037
7415038
7415039
7415040
7415041
7415042
7415043
7415044
7415045
7415046
7415047
7415048
7415049
7415050
7415051
7415052
7415053
7415054
7415055
7415056
7415057
7415058
7415059
7415060
7416000
7417006
7417007
7417008
7417009
7504400
7504401
7504402
7504403
7504404
7504405
7504410
7504411
7504412
7504413
7504414
7504415
7504416
7504417
7504418
7504419
7504420
7504421
7504422
7504423
7504424
7504425
7504426
7504427
7504428
7504429

# m50
630010
630020
630200
630201
630202
630203
630210
630211
630212
630220
630230
630500
630501
630502
630510
630511
630512
630513
630514
631500
631501
631502
631510
631511
631515
631516
631517
631520
631521
631522
631523
631524
631530
631531
631535
631536
631537
631538
631540
632000
632001
632002
632003
632010
632011
632012
632013
632015
632020
632030
632035
632500
632501
632502
632510
632511
632512
632513
632514
632520
632521
632522
632523
632526
632527
632528
632529
632530
632531
632532
632533
632534
632535
632536
632537
632538
632539
632540
632541
632560
632561
632570
632600
632601
632602
632603
632604
632605
632606
632607
632608
632610
632611
632620
632621
632622
632623
632624
632629
632630
632631
632632
632633
632634
632636
632637
632638
632639
632640
632641
632642
632650
632651
632652
632660
633000
633001
633005
633013
633014
633020
633024
633030
633031
633032
633033
633034
633035
633036
633040
633049
633050
633051
633052
633053
633060
633065
634000
634010
634020
634021
634022
634023
634041
634042
634045
634050
634060
635000
635005
635090
640000
640001
640002
640003
640004
640010
640011
640012
640013
640020
640025
640030
640040
640090
640100
641000
641001
641002
641005
641006
641010
641011
641013
641014
641015
641016
641017
641018
641019
641020
641021
641022
641024
641025
641026
641027
641028
641030
641031
641033
641034
641035
641036
641037
641038
641039
641040
641041
641043
641044
641045
641046
641047
641048
641049
641050
641051
641052
641053
641054
641055
641056
641057
641059
641061
641062
641064
641065
641066
641067
641068
641070
641072
641073
641074
641075
641076
641077
641080
641081
641082
641084
641085
641086
641087
641089
641090
641095
641096
641099
641100
641101
641102
641103
641104
641109
641110
641111
641112
641130
641132
641140
641141
641150
641151
641152
641153
641160
641164
641195
641500
641501
641510
641511
641512
641513
641520
641521
641530
641540
641541
641542
641550
650000
650001
650010
650011
650020
651000
651010
651011
651012
651020
651030
651031
651040
651041
651042
651043
651050
651200
651201
651202
651203
651204
651210
651220
651221
651222
651230
651240
651241
651242
651243
651255
651260
651261
651500
651501
651502
651510
651511
651512
651520
652500
652501
652502
652503
652504
652505
660500
660501
660515
660516
660517
660520
660521
660522
660523
660525
660532
660533
660534
660540
660541
660542
660545
660550
660551
660552
660555
660556
660557
660561
660565
660566
660570
660580
660581
664000
664003
664004
664005
664006
664009
664014
664015
664017
664020
664022
664023
664030
664031
664032
664033
664034
664037
664038
664039
664040
664041
664042
664050
664051
664053
664060
664061
664062
664063
664064
664065
664070
664071
664072
664073
664074
664075
664076
664080
664081
664082
664083
664084
664085
664093
664094
664095
664096
664097
664098
664099
664199
664200
664201
664202
664203
664204
664205
664206
664207
664208
664209
664210
664211
664212
664220
664221
664222
664223
664230
664235
664240
664241
664245
664246
664250
664255
664260
664261
672600
672700
672701
672702
672900
672901
672902
672903
672904
674000
674010
674011
674012
674013
674020
674021
674030
674031
674032
674033
674034
674040
674050
674051
674060
674061
674062
674063
674070
674071
674080
674081
674090
674095
674096
803000
803002
810044
810045
822022
832020
832021
850000
850010
850610
850611
850612
850613
850614
850615
870100
870110
870120
870130
870131
870132
871000
871010
871011
871012
871013
871015
871016
872000
872010
872020
872030
872041
872051
872060
872070
872080
873000
873010
873011
873012
873020
873030
873031
873040
873050
873060
873070
873071
873072
873073
873074
873075
873090
873100
873110
874000
874010
874011
874012
874020
874030
875000
875010
875011
875012
1007007
1007008
1007009
1007012
1007013
1039470
1101100
1101103
1101106
1101108
1102010
1506000
7202601
7500003
7500004
7500006
7500007
7500011
7500103
7500112
7500200
7500201
7500206
7500400
7500401
7500402
7500403
7500404
7500405
7500406
7500407
7500408
7500409
7500410
7500411
7500412
7500414
7500415
7500416
7500417
7500419
7500420
7500423
7500428
7501000
7501001
7501002
7501003
7501004
7501005
7501006
7501007
7501008
7501009
7501010
7501011
7501012
7501013
7501014
7501015
7501016
7501017
7501018
7501019
7501020
7501021
7501022
7501023
7501024
7501025
7501026
7501027
7501028
7501029
7501030
7501031
7501032
7501033
7501034
7501035
7501036
7501037
7501038
7501039
7501040
7501041
7501042
7501043
7501044
7501045
7501046
7501047
7502000
7502001
7502002
7502003
7502004
7502005
7502006
7502007
7502008
7502009
7502010
7502011
7502012
7502013
7502014
7502015
7502017
7503010
7504101
7504102
7504103
7504104
7504105
7504106
7504107
7504108
7504109
7504110
7504111
7504112
7504113
7504114
7504115
7504116
7504117
7504118
7504119
7504120
7504121
7504122
7504123
7504124
7504125
7504126
7504127
7504128
7504129
7504130
7504400
7504401
7504402
7504403
7504404
7504405
7504406
7504407
7504408
7504409
7504410
7504411
7504412
7504413
7504414
7504415
7504416
7504417
7504418
7504419
7504420
7504421
7504422
7504423
7504424
7504425
7504426
7504427
7504428
7504429
7505000
7505001
7510000
7510001
7510002
7510003
7510004
7510005
7510006
7510007
7510008
7510009
