0 未設定
1 
2 
100 ベース体型
101 
102 
103 
104 
105 
106 
107 
108 
200 ベース顔 ※フレーム90~99はレンダリング画像専用のため、別IDに切り替え
201 
202 
203 
204 
205 
206 
207 
208 
209 
220 ベース顔　女性用表示
221 
222 
223 
224 
225 
226 
227 
228 
229 
300 瞳(右)
301 
302 
400 瞳(左)
401 
402 
500 眉
501 
502 
503 
504 
505 
506 
507 
508 
509 
510 
600 髭
601 
602 
603 
604 
605 
606 
607 
608 
609 
610 
611 
612 
613 
614 
615 
616 
620 髭　女性用の「なし」のみ
700 髪型
701 
702 
703 
704 
705 
706 
707 
708 
709 
710 
711 
712 
713 
714 
715 
716 
717 
718 
719 
800 デカール
801 
802 
803 
804 
805 
806 
900 アクセサリ
901 
902 
903 
904 
905 
906 
907 
908 
1000 瞳(両瞳用）
1001 
1002 
1100 まつげ
1101 
1102 
1103 
1104 
100000 性別
100001 
100100 年齢層
100101 
100102 
100200 素性
100201 
100202 
100203 
100204 
100205 
100206 
100207 
100208 
100300 贈り物
100301 
100302 
100303 
100304 
100305 
100306 
100307 
100308 
100309 
100400 ボイス
100401 
100402 
