0 キャラメイク：○○用
1 
2 
3 
4 
5 
6 
7 
8 
9 
10 
11 
12 
13 
14 
15 
100 キャラメイク：肌用　白人
101 
102 
103 
104 
105 黒人
106 
107 
108 
109 
110 黄人
111 
112 
113 
114 
115 インド
116 
117 
118 
119 
120 赤ら顔
121 
122 
123 
124 
125 鈍色
126 
127 
128 
129 
130 モノクロ
131 
132 
133 
134 
135 特殊
136 
137 
138 
139 
200 キャラメイク：瞳用（瞳、右瞳、左瞳共用）
201 
202 
203 
204 
205 
206 
207 
208 
209 
210 
211 
212 
213 
214 
215 
216 
217 
218 
219 
220 
221 
222 
223 
224 
225 
226 
227 
228 
229 
230 
231 
232 
233 
234 
235 
236 
237 
238 
239 
300 キャラメイク：毛用（眉、髪、髭、まつげ共用）
301 モノクロ
302 
303 
304 
305 茶
306 
307 
308 
309 
310 金
311 
312 
313 
314 
315 赤
316 
317 
318 
319 
320 
321 
322 
323 
324 
325 
326 
327 
328 
329 
330 
331 
332 
333 
334 
335 
336 
337 
338 
339 
400 キャラメイク：アクセサリ用
401 
402 
403 
404 
405 
406 
407 
408 
409 
410 
411 
412 
413 
414 
415 
416 
417 
418 
419 
420 
421 
422 
423 
424 
425 
426 
427 
428 
429 
430 
431 
432 
433 
434 
435 
436 
437 
438 
439 
500 キャラメイク：デカール用
501 
502 
503 
504 
505 
506 
507 
508 
509 
510 
511 
512 
513 
514 
515 
516 
517 
518 
519 
520 
521 
522 
523 
524 
525 
526 
527 
528 
529 
530 
531 
532 
533 
534 
535 
536 
537 
538 
539 
