10
20
21
22
23
24
25
26
27
28
29
30
31
32
33
34
38
39
40
41
42
43
44
45
46
47
48
49
50
51
52
53
54
55
56
57
58
59
60
61
62
63
64
65
66
67
68
69
70
71
72
73
74
75
76
77
78
79
80
81
82
83
84
85
86
87
88
89
90
91
92
93
94
95
96
97
98
99
101
102
103
104
105
106
107
108
109
110
111
112
113
114
115
116
117
118
119
120
121
122
123
124
127
128
129
131
132
133
134
135
136
137
138
139
140
141
142
143
144
145
146
148
149
150
151
152
153
154
155
156
157
158
159
160
161
162
163
164
165
166
169
170
171
176
179
181
182
183
184
185
186
187
188
189
192
193
194
195
197
198
199
200
201
202
203
204
205
206
207
208
209
210
211
212
213
214
215
216
217
218
219
220
221
222
223
224
225
226
227
228
229
230
231
232
233
234
235
236
237
238
239
240
241
242
243
244
245
246
247
248
249
250
251
252
260
261
262
263
264
270
271
272
273
274
275
276
277
278
280
281
282
283
284
285
286
287
288
289
290
291
292
293
294
297
298
299
300
301
302
303
304
305
306
307
308
309
310
311
312
313
314
315
316
317
318
319
320
321
322
323
324
325
326
327
328
330
331
332
335
336
340
341
345
346
347
350
351
352
353
400
401
402
403
404
405
406
407
408
409
410
411
412
413
414
415
416
417
418
419
420
421
422
423
424
425
426
427
428
429
430
431
432
433
434
435
436
437
438
439
440
441
442
443
444
445
446
447
448
449
450
451
452
453
454
455
456
457
458
459
460
461
462
463
464
465
466
650
651
652
653
654
655
656
657
658
659
660
800
801
802
803
804
805
806
807
808
809
810
811
812
813
814
815
816
817
818
819
820
821
822
823
824
825
826
827
828
829
830
831
832
833
834
835
836
837
838
839
840
841
842
843
844
845
846
847
848
849
850
851
852
853
854
855
856
857
858
860
861
862
863
864
865
866
867
868
869
870
871
872
873
874
875
876
877
878
879
880
881
882
883
884
885
886
887
888
889
890
891
892
893
894
895
896
897
898
900
901
902
903
904
905
906
907
908
909
910
915
916
917
918
920
921
922
923
925
926
927
930
931
932
933
934
935
936
937
938
939
940
941
942
943
944
945
946
947
950
951
952
953
954
955
956
957
958
959
960
961
962
963
964
965
966
967
968
969
970
971
972
1050
1051
1052
1053
1054
1055
1056
1057
1058
1059
1060
1061
1062
1063
1064
1065
1066
1067
1068
1069
1070
1071
1072
1073
1100
1101
1102
1103
1104
1105
1106
1107
1108
1109
1110
1111
1112
1120
1121
1122
1123
1124
1125
1126
1127
1128
1129
1130
1131
1132
1133
1134
1135
1136
1137
1138
1139
1140
1148
1149
1150
1151
1152
1153
1154
1155
1156
1157
1158
1159
1160
1161
1162
1163
1164
1165
1166
1167
1168
1169
1170
1171
1172
1173
1174
1175
1176
1177
1200
1201
1202
1203
1204
1205
1206
1207
1208
1209
1210
1211
1212
1213
1214
1215
1216
1217
1218
1219
1220
1221
1222
1223
1224
1225
1226
1227
1230
1231
1232
1233
1234
1235
1236
1237
1238
1239
1240
1241
1242
1243
1244
1245
1246
1247
1248
1249
1250
1251
1252
1253
1255
1256
1257
1258
1600
1601
1602
1603
1604
1605
1606
1607
1608
1609
1610
1611
1612
1613
1614
1615
1616
1617
1618
1619
1620
1621
1622
1623
1624
1625
1626
1627
1628
1629
1630
1631
1632
1633
1634
1635
1636
1637
1638
1639
1640
1641
1642
1643
1644
1645
1646
1647
1648
1649
1650
1651
1652
1653
1654
1655
1656
1657
1658
1659
1660
1661
1662
1663
1664
1665
1666
1667
1668
1669
1670
1671
1672
1673
1674
1675
1676
1677
1678
1679
1680
1681
1682
1683
1684
1685
1686
1687
1688
1689
1690
1691
1695
1696
1697
1698
1699
1700
1701
1702
1703
1704
1705
1706
1707
1708
1709
1780
1790
1791
1792
1793
1794
1795
1799
1800
1801
1806
1807
1808
1809
1810
1811
1812
1813
1814
1815
1816
1817
1818
1819
1820
1821
1822
1823
1824
1825
1826
1827
1828
1829
1830
1831
1832
1833
1834
1835
1836
1837
1838
1839
1840
1841
1842
1845
1846
1847
1848
1849
1850
1851
1855
1856
1860
1861
1862
1863
1864
1865
1866
1867
1870
1871
1872
1873
1874
1875
1876
1880
1881
1882
1883
1884
1885
1886
1887
1888
1889
1890
1891
1892
1893
1895
1896
1897
1898
1899
1900
1901
1902
1903
1904
1905
1906
1907
1908
1909
1910
1911
1912
1913
1914
1915
1919
1920
1921
1922
1923
1924
1925
1926
1927
1928
1929
1930
1935
1936
1937
1938
1939
1940
1941
1942
1943
1944
1945
1946
1947
1949
1950
1951
1952
1953
1954
1955
1956
1957
1958
1959
1960
1961
1962
1965
1966
1967
1968
1969
1970
1971
1972
1973
1974
1975
1976
1977
1978
1979
1980
1981
1982
1983
1984
1985
1986
1987
1988
1989
1990
1991
1992
1993
1994
1995
1996
1997
1998
1999
2020
2022
2023
2024
2031
2032
2033
2034
2035
2101
2102
2105
2113
2115
2117
2118
2119
2120
2121
2122
2123
2124
2125
3000
3001
3010
3011
3012
3019
3020
3021
3022
3023
3025
3040
3041
3045
3046
3047
3048
3049
3050
3060
3061
3062
3063
3065
3070
3071
3072
3073
3074
3075
3076
3077
3078
3079
3080
3081
3082
3150
3151
3152
3153
3155
3156
3160
3161
3165
3166
3170
3171
3172
3180
3181
3182
3183
3184
3185
3186
3187
3188
3189
3190
3191
3192
3193
3194
3195
3196
3197
3198
3199
3200
3201
3202
3203
3204
3205
3206
3207
3208
3209
3210
3211
3215
3216
3217
3218
3300
3310
3311
3312
3313
3320
3321
3322
3323
3400
3405
3406
3407
3410
3411
3412
3415
3419
3420
3421
3422
3423
3424
3425
3426
3427
3430
3431
3500
3501
3502
3503
3505
3510
3511
3512
3513
3520
3521
3522
3523
3550
3551
3552
3553
3600
3601
3602
3603
3604
3605
3606
3607
3608
3609
3610
3611
3612
3613
3614
3615
3616
3617
3618
3619
3620
3621
3622
3623
3624
3625
3626
3627
3628
3629
3630
3631
3632
3650
3651
3652
3653
3654
3655
3656
3657
3658
3659
3660
3661
3662
3663
3664
3665
3666
3667
3670
3671
3672
3673
3674
3675
3676
3677
3678
3679
3680
3681
3682
3685
3686
3687
3688
3689
3690
3691
3692
3693
3695
3696
3697
3698
3699
3700
3705
3706
3707
3710
3711
3714
3715
3716
3717
3718
3719
3720
3721
3722
3730
3731
3732
3733
3734
3735
3736
3737
3738
3739
3740
3741
3742
3743
3744
3745
3746
3747
3748
3749
3750
3751
3752
3753
3754
3755
3756
3757
3758
3759
3760
3761
3762
3763
3764
3765
3766
3767
3768
3769
3770
3771
3772
3773
3774
3775
3776
3777
3778
3779
3780
3781
3782
3783
3784
3785
3786
3787
3788
3790
3791
3792
3793
3794
3795
3796
3797
3798
3799
3800
3807
3808
3809
3810
3811
3812
3813
3814
3815
3816
3817
3818
3820
3821
3822
3830
3831
3840
3850
3851
3852
3853
3855
3900
3901
3902
3903
3904
3905
3906
3907
3910
3911
3912
3913
3914
3915
3920
3921
3922
3923
3924
3930
3931
3932
3933
3934
3940
3941
3945
3946
3950
3960
3961
3962
3963
3964
3965
3966
3967
3970
3972
3973
3974
3980
3981
3982
3985
3986
3987
3988
3989
3990
4000
4001
4002
4003
4004
4005
4006
4007
4008
4009
4010
4011
4012
4013
4015
4016
4017
4018
4019
4020
4021
4022
4023
4024
4025
4026
4027
4030
4031
4032
4033
4034
4035
4036
4037
4038
4039
4050
4051
4052
4055
4056
4060
4061
4065
4066
4070
4071
4072
4073
4074
4075
4076
4077
4078
4080
4081
4082
4083
4084
4085
4086
4087
4088
4089
4090
4091
4092
4095
4096
4097
4098
4099
4100
4101
4102
4103
4104
4105
4106
4107
4108
4109
4110
4111
5000
5001
5002
5003
5004
5005
5006
5007
5008
5009
5010
5011
5012
5013
5014
5015
5016
5017
5018
5019
5020
5021
5022
5023
5024
5025
5026
5027
5028
5029
5030
5031
5032
5033
5034
5050
5051
5052
5053
5054
5055
5056
5057
5058
5059
5060
5061
5062
5063
5064
5065
5066
5067
5068
5069
5070
5071
5072
5073
5074
5075
5076
5077
5078
5079
5080
5081
5082
5090
5091
5092
5093
5094
5095
5096
5097
5098
5099
5100
5101
5102
5103
5104
5105
5106
5107
5108
5109
5110
5111
5112
5113
5114
5115
5116
5117
5118
5119
5120
5121
5122
5130
5131
5132
5133
5134
5135
5137
5138
5139
5140
5141
5142
5143
5144
5145
5146
5147
5148
5149
5150
5151
5152
5160
5161
5162
5163
5164
5165
5166
5167
5168
5169
5170
5171
5172
5173
5174
5175
5176
5177
5178
5179
5180
5181
5182
5183
5184
5185
5186
5187
5188
5200
5201
5202
5203
5204
5205
5206
5207
5208
5209
5210
5211
5212
5213
5214
5215
5216
5217
5218
5219
5221
5222
5223
5224
5225
5226
5227
5240
5241
5242
5243
5244
5245
5246
5247
5248
5249
5250
5251
5252
5253
5254
5255
5256
5257
5258
5259
5260
5280
5281
5282
5283
5284
5285
5286
5287
5288
5289
5290
5291
5292
5293
5294
5295
5296
5297
5298
5310
5311
5312
5313
5314
5315
5316
5317
5318
5350
5351
5352
5353
5354
5375
5376
5377
5378
5400
5401
5402
5403
5405
5406
5409
5410
5411
5412
5413
5414
5415
5416
5420
5421
5422
5423
5424
5425
5429
5430
5432
5433
5434
5435
5436
5437
5438
5439
5440
5441
5442
5443
5444
5445
5446
5447
5448
5449
5450
5451
5452
5453
5454
5455
5456
5457
5458
5460
5461
5462
5465
5466
5470
5471
5472
5475
5476
5480
5481
5482
5500
5650
5651
5652
5653
5654
5655
5656
5657
5658
5659
5660
5661
5662
5663
5664
5665
5666
5667
5670
5671
5672
5673
5675
5678
5679
5680
5681
5682
5685
5686
5687
5690
5691
5695
5696
5697
5698
5700
5701
5702
5703
5704
8000
8001
8002
8003
8005
8006
8007
8008
8009
8010
8011
8015
8016
8017
8018
8019
8020
8021
8022
8023
8024
8025
8026
8027
8030
8035
8036
8037
8040
8041
8042
8043
8044
8045
8050
8055
8100
8101
8105
8106
8107
8110
8111
8120
8121
8122
8123
8140
8145
8146
8150
8151
8152
8153
8154
8155
8156
8157
8158
8159
8160
8161
8162
8163
8164
8170
8171
8172
8173
8174
8175
8176
8177
8178
8179
8180
8181
8185
8186
8187
8188
8189
8298
8299
8300
8301
8302
8303
8304
8305
8306
8307
8308
8309
8310
8311
8312
8313
8314
8315
8316
8317
8318
8319
8320
8321
8322
8324
8325
8326
8327
8328
8329
8330
8331
8332
8333
8335
8336
8337
8338
8339
8340
8341
8342
8343
8344
8346
8347
8348
8349
8350
8351
8352
8353
8354
8355
8356
8357
8358
8359
8395
8396
8397
8399
8400
8401
8402
8403
8404
8405
8406
8407
8408
8409
8410
8411
8412
8413
8414
8415
8416
8417
8418
8419
8420
8421
8422
8423
8424
8425
8426
8427
8428
8430
8431
8432
8435
8436
8437
8438
8439
8440
8441
8442
8443
8445
8446
8447
8448
8449
8450
8460
8461
8462
8463
8464
8465
8466
8500
8501
8502
8510
8511
8512
8513
8514
8515
8516
8517
8518
8519
8520
8521
8522
8523
8524
8525
8526
8530
8531
8532
8534
8535
8536
8537
8538
8539
8540
8541
8542
8543
8544
8545
8546
8547
8548
8549
8550
8551
8552
8553
8555
8556
8557
8558
8559
8560
8561
8562
8563
8564
8565
8566
8567
8568
8569
8600
8601
8602
8605
8606
8607
8610
8611
8612
8613
8615
8616
8619
8620
8621
8622
8623
8624
8625
8626
8627
8628
8629
8630
8631
8635
8636
8637
8640
8641
8647
8648
8649
8650
8651
8653
8654
8655
8656
8657
8658
8659
8660
8661
8662
8663
8664
8665
8666
8670
8671
8672
8673
8674