0 
1 
20 
21 
41 
50 
51 
60 
61 
70 
71 
90 
91 
100 
101 
110 
111 
160 
161 
231 
10000 
10001 
10002 
10003 
10004 
10005 
10006 
10102 
10103 
10104 
10105 
10106 
10107 
10108 
10109 
10110 
10205 
20000 
20001 
24020 
24021 
24080 
24100 
24120 
24300 
24360 
24361 
24370 
24380 
24381 
24390 
24410 
24430 
24431 
24440 
24450 
24500 
24620 
24700 
24701 
24710 
24720 
24800 
24820 
24910 
25010 
25100 
25101 
26000 
26001 
26020 
26100 
26110 
26210 
26230 
26240 
26300 
26400 
26410 
26710 
26800 
26810 
26820 
26830 
26900 
26940 
26941 
26950 
27010 
27050 
27060 
27080 
27090 
27240 
27300 
27320 
27500 
27510 
27530 
30000 
30001 
30002 
30003 
30010 
100000 
100010 
100100 
100105 
100800 
100805 
100860 
100890 
200000 
200010 
200100 
200105 
200800 
200805 
200860 
200890 
300000 
300010 
300100 
300105 
300800 
300805 
300860 
300890 
400000 
400010 
400100 
400105 
400800 
400805 
400860 
400890 
500000 
500010 
500100 
500105 
500800 
500805 
500860 
500890 
600000 
600010 
600100 
600105 
600800 
600805 
600860 
600890 
700000 
700010 
700100 
700105 
700800 
700805 
700860 
700890 
800000 
800010 
800100 
800105 
800800 
800805 
800860 
800890 
900000 
900010 
900100 
900105 
900800 
900805 
900860 
900890 
1000000 
1000010 
1000100 
1000105 
1000800 
1000805 
1000860 
1000890 
1100000 
1100010 
1100100 
1100105 
1100800 
1100805 
1100860 
1100890 
1200000 
1200010 
1200100 
1200105 
1200800 
1200805 
1200860 
1200890 
1300000 
1300010 
1300100 
1300105 
1300800 
1300805 
1300860 
1300890 
1400000 
1400010 
1400100 
1400105 
1400800 
1400805 
1400860 
1400890 
1500000 
1500010 
1500100 
1500105 
1500800 
1500805 
1500860 
1500890 
1600000 
1600010 
1600100 
1600105 
1600800 
1600805 
1600860 
1600890 
1700000 
1700010 
1700100 
1700105 
1700800 
1700805 
1700860 
1700890 
1800000 
1800010 
1800100 
1800105 
1800800 
1800805 
1800860 
1800890 
1900000 
1900010 
1900100 
1900105 
1900800 
1900805 
1900860 
1900890 
2000000 
2000010 
2000100 
2000105 
2000800 
2000805 
2000860 
2000890 
2100000 
2100010 
2100100 
2100105 
2100800 
2100805 
2100860 
2100890 
2200000 
2200010 
2200100 
2200105 
2200800 
2200805 
2200860 
2200890 
2300000 
2300010 
2300100 
2300105 
2300800 
2300805 
2300860 
2300890 
2400000 
2400010 
2400100 
2400105 
2400800 
2400805 
2400860 
2400890 
3000000 
3000010 
3000100 
3000105 
3000800 
3000805 
3000860 
3000890 
3100000 
3100010 
3100100 
3100105 
3100800 
3100805 
3100860 
3100890 
3200000 
3200010 
3200100 
3200105 
3200800 
3200805 
3200860 
3200890 
3300000 
3300010 
3300100 
3300105 
3300800 
3300805 
3300860 
3300890 
3400000 
3400010 
3400100 
3400105 
3400800 
3400805 
3400860 
3400890 
22004710 
22006210 
22006300 
22006900 
22006901 
22007600 
22007730 
22007731 
22007740 
22007820 
