100050 
100051 
100052 
100053 
100054 
100055 
100056 
100057 
100080 
100081 
100085 
100090 
100091 
110000 
110001 
110002 
110003 
110004 
110005 
110006 
110007 
110090 
110091 
110095 
110096 
115000 
115001 
115002 
115003 
115004 
115005 
115006 
115007 
130000 
130001 
130002 
130003 
130004 
130005 
130006 
130007 
130080 
130085 
130090 
130091 
140000 
140001 
140002 
140003 
140004 
140005 
140006 
140007 
140008 
140009 
140080 
140085 
140090 
140091 
150000 
150001 
150002 
150003 
150004 
150005 
150006 
150007 
150080 
150085 
150090 
150091 
160000 
160001 
160002 
160003 
160004 
160005 
160006 
160007 
160080 
160085 
160090 
160091 
210000 
211000 
212000 
340000 
340001 
340002 
340003 
340004 
340005 
340006 
340007 
340010 
341000 
341001 
341002 
341003 
341004 
341005 
341006 
341007 
342000 
342001 
342002 
342003 
342004 
342005 
342006 
342007 
343000 
343001 
343002 
343003 
343004 
343005 
343006 
343007 
345000 
345001 
345002 
345003 
345004 
345005 
345006 
345007 
392000 
392001 
392002 
392003 
392004 
392005 
392006 
392007 
392080 
392085 
392090 
392091 
450080 
450081 
450082 
450085 
450086 
450090 
450091 
450095 
450180 
450185 
450190 
450191 
450280 
450285 
450290 
450291 
600000 
600010 
600011 
600012 
600013 
600014 
600050 
600110 
600150 
610000 
999901 
999902 
