0 
1 
2 
10 
11 
12 
13 
14 
20 
21 
22 
23 
24 
30 
31 
32 
33 
34 
40 
41 
42 
43 
44 
50 
51 
52 
53 
54 
100 
101 
102 
103 
104 
110 
111 
112 
113 
114 
120 
121 
122 
123 
124 
200 
201 
202 
203 
204 
500 
501 
502 
503 
504 
510 
511 
512 
513 
514 
600 
601 
602 
603 
604 
700 
701 
702 
703 
704 
800 
801 
802 
803 
804 
1000 
1001 
1002 
1003 
1004 
1010 
1011 
1012 
1013 
1014 
2000 
2001 
2002 
2003 
2004 
2010 
2011 
2012 
2013 
2014 
2020 
2021 
2022 
2023 
2024 
2030 
2031 
2032 
2033 
2034 
2040 
2041 
2042 
2043 
2044 
2050 
2051 
2052 
2053 
2054 
2060 
2061 
2062 
2063 
2064 
2070 
2071 
2072 
2073 
2074 
2080 
2081 
2082 
2083 
2084 
3000 
3100 
3500 
4000 
4010 
4020 
4030 
4100 
4200 
6000 
6010 
6020 
6030 
6031 
6040 
6050 
6400 
6410 
6420 
6430 
6431 
6440 
6450 
6600 
6610 
6620 
6630 
6631 
6640 
6650 
6800 
7000 
7010 
7800 
8000 
8010 
8020 
8030 
8040 
8400 
8401 
8410 
8411 
9000 
9005 
9010 
9020 
9021 
9022 
9100 
9120 
9503 
9504 
9506 
9507 
9508 
9509 
9510 
9600 
9700 
15020 
15021 
15022 
15023 
15024 
15030 
15031 
15032 
15033 
15034 
15035 
15036 
15037 
15038 
15039 
15040 
15041 
15042 
15043 
15044 
15045 
15046 
15047 
15048 
15049 
15050 
15051 
15052 
15053 
15054 
15055 
15056 
15057 
15058 
15100 
15101 
15102 
15103 
15104 
15105 
15106 
15107 
15108 
15109 
15110 
15111 
15112 
15113 
15114 
15115 
15116 
15117 
15118 
15119 
15120 
15121 
15122 
15123 
15124 
15125 
15126 
15127 
15128 
15129 
15130 
15131 
15132 
15133 
15134 
15135 
15136 
15137 
15138 
15139 
15140 
15141 
15142 
15143 
15144 
15145 
15146 
15147 
15148 
15149 
15150 
15151 
15152 
15153 
15154 
15155 
15156 
