0 
110 
200 
350 
351 
360 
370 
371 
475 
1000 
1011 
1012 
1104 
1200 
3402 
10000 
27002 
27006 
27019 
27030 
27031 
27039 
27041 
27043 
27056 
27080 
27115 
27143 
30000 
30183 
52407 
90000 
90001 
90002 
90010 
90011 
90012 
90013 
90014 
90015 
90016 
90017 
90018 
99013 
99020 
99026 
99182 
99290 
99340 
99630 
99631 
99632 
100000 
100001 
100002 
100101 
110063 
110064 
110100 
127201 
199630 
199632 
219000 
219001 
219002 
219003 
219010 
219030 
227010 
227011 
227012 
227013 
227020 
227030 
227032 
227033 
227040 
227050 
227051 
227052 
227070 
227201 
239001 
239020 
239021 
257002 
257013 
257016 
257018 
267023 
267038 
277000 
277009 
277010 
277013 
277014 
277015 
277016 
277017 
277018 
277021 
277081 
300004 
300005 
300300 
300310 
300311 
300312 
300320 
300371 
300500 
300510 
302420 
304873 
314027 
324012 
324051 
327201 
331312 
331321 
350003 
350005 
350021 
350206 
351000 
360320 
360330 
370301 
370502 
390301 
394027 
394028 
394051 
400340 
400655 
417007 
417009 
417011 
417012 
417013 
417014 
427015 
427019 
427023 
427024 
427027 
427028 
427029 
427030 
427031 
427036 
427038 
427201 
447054 
447080 
447115 
449008 
449009 
449011 
449023 
449026 
464009 
464010 
464013 
464014 
464016 
464019 
464021 
464026 
464031 
464032 
464035 
464057 
464061 
527201 
627201 
1027002 
1027019 
1110063 
1110064 
1219000 
1227013 
1227033 
1227050 
1239021 
1277018 
1300311 
1417009 
1417014 
1427027 
1449008 
1464026 
1464057 
2219000 
2277018 
2300311 
2417014 
9999992 
