0 
1 
2 
3 
4 
5 
6 
7 
8 
9 
10 
11 
12 
13 
14 
15 
16 
17 
18 
19 
20 
21 
22 
23 
24 
25 
26 
27 
28 
29 
30 
300000 
300001 
300002 
300003 
300004 
300005 
300006 
300007 
300008 
300009 
300010 
300011 
300012 
300013 
300014 
300015 
300016 
300017 
300018 
300019 
300020 
300021 
300022 
300023 
300024 
300025 
300026 
300027 
300028 
300029 
307000 
307001 
307002 
307003 
307004 
307005 
307006 
307007 
307008 
307009 
307010 
307011 
307012 
307013 
307014 
307015 
307016 
307017 
307018 
307019 
330000 
330001 
330002 
330003 
330004 
330005 
330006 
330007 
330008 
330009 
330010 
330011 
330012 
330013 
330014 
330015 
330016 
330017 
330018 
330019 
330020 
330021 
330022 
330023 
330024 
330025 
330026 
330027 
330028 
330029 
345000 
345001 
345002 
345003 
345004 
345005 
345006 
345007 
345008 
345009 
345010 
345011 
345012 
345013 
345014 
345015 
345016 
345017 
345018 
345019 
345020 
345021 
345022 
345023 
345024 
345025 
345026 
345027 
345028 
345029 
345030 
345031 
345100 
345101 
345102 
345103 
345104 
345105 
345106 
345107 
345108 
345109 
345110 
345111 
345112 
345113 
345114 
345115 
345116 
345117 
345118 
345119 
345120 
345121 
345122 
345123 
345124 
345125 
345126 
345127 
345128 
345129 
345130 
345131 
347000 
347001 
347002 
347003 
347004 
347005 
347006 
347007 
347008 
347009 
347010 
347011 
347012 
347013 
347014 
347015 
347016 
347017 
347018 
347019 
347020 
347021 
347022 
347023 
347024 
347025 
347026 
347027 
347028 
347029 
347100 
347101 
347102 
347103 
347104 
347105 
347106 
347107 
347108 
347109 
347110 
347111 
347112 
347113 
347114 
347115 
347116 
347117 
347118 
347119 
347120 
347121 
347122 
347123 
347124 
347125 
347126 
347127 
347128 
347129 
366000 
366001 
366002 
366003 
366004 
366005 
366006 
366007 
366008 
366009 
366010 
366011 
366012 
366013 
366014 
366015 
366016 
366017 
366018 
366019 
366020 
366021 
366022 
366023 
366024 
366025 
366026 
366027 
366028 
366029 
366100 
366101 
366102 
366103 
366104 
366105 
366106 
366107 
366108 
366109 
366110 
366111 
366112 
366113 
366114 
366115 
366116 
366117 
366118 
366119 
366120 
366121 
366122 
366123 
366124 
366125 
366126 
366127 
366128 
366129 
366200 
366201 
366202 
366203 
366204 
366205 
366206 
366207 
366208 
366209 
366210 
366211 
366212 
366213 
366214 
366215 
366216 
366217 
366218 
366219 
366220 
366221 
366222 
366223 
366224 
366225 
366226 
366227 
366228 
366229 
366400 
366401 
366402 
366403 
366404 
366405 
366406 
366407 
366408 
366409 
366410 
366411 
366412 
366413 
366414 
366415 
366416 
366417 
366418 
366419 
366420 
366421 
366422 
366423 
366424 
366425 
366426 
366427 
366428 
366429 
366500 
366501 
366502 
366503 
366504 
366505 
366506 
366507 
366508 
366509 
366510 
366511 
366512 
366513 
366514 
366515 
366516 
366517 
366518 
366519 
366520 
366521 
366522 
366523 
366524 
366525 
366526 
366527 
366528 
366529 
366600 
366601 
366602 
366603 
366604 
366605 
366606 
366607 
366608 
366609 
366610 
366611 
366612 
366613 
366614 
366615 
366616 
366617 
366618 
366619 
366620 
366621 
366622 
366623 
366624 
366625 
366626 
366627 
366628 
366629 
370000 
370001 
370002 
370003 
370004 
370005 
370006 
370007 
370008 
370009 
370010 
370011 
370012 
370013 
370014 
370015 
370016 
370017 
370018 
370019 
370020 
370021 
370022 
370023 
370024 
370025 
370026 
370027 
370028 
370029 
370100 
370101 
370102 
370103 
370104 
370105 
370106 
370107 
370108 
370109 
370110 
370111 
370112 
370113 
370114 
370115 
370116 
370117 
370118 
370119 
370120 
370121 
370122 
370123 
370124 
370125 
370126 
370127 
370128 
370129 
370200 
370201 
370202 
370203 
370204 
370205 
370206 
370207 
370208 
370209 
370210 
370211 
370212 
370213 
370214 
370215 
370216 
370217 
370218 
370219 
370220 
370221 
370222 
370223 
370224 
370225 
370226 
370227 
370228 
370229 
370300 
370301 
370302 
370303 
370304 
370305 
370306 
370307 
370308 
370309 
370310 
370311 
370312 
370313 
370314 
370315 
370316 
370317 
370318 
370319 
370320 
370321 
370322 
370323 
370324 
370325 
370326 
370327 
370328 
370329 
370400 
370401 
370402 
370403 
370404 
370405 
370406 
370407 
370408 
370409 
370410 
370411 
370412 
370413 
370414 
370415 
370416 
370417 
370418 
370419 
370420 
370421 
370422 
370423 
370424 
370425 
370426 
370427 
370428 
370429 
395000 
395001 
395002 
395003 
395004 
395005 
395006 
395007 
395008 
395009 
395010 
395011 
395012 
395013 
395014 
395015 
395016 
395017 
395018 
395019 
395020 
395021 
395022 
395023 
395024 
395025 
395026 
395027 
395028 
395029 
410000 
410001 
410002 
410003 
410004 
410005 
410006 
410007 
410008 
410009 
410010 
410011 
410012 
410013 
410014 
410015 
410016 
410017 
410018 
410019 
410020 
410021 
410022 
410023 
410024 
410025 
410026 
410027 
410028 
410029 
410100 
410101 
410102 
410103 
410104 
410105 
410106 
410107 
410108 
410109 
410110 
410111 
410112 
410113 
410114 
410115 
410116 
410117 
410118 
410119 
410120 
410121 
410122 
410123 
410124 
410125 
410126 
410127 
410128 
410129 
430000 
430001 
430002 
430003 
430004 
430005 
430006 
430007 
430008 
430009 
430010 
430011 
430012 
430013 
430014 
430015 
430016 
430017 
430018 
430019 
430020 
430021 
430022 
430023 
430024 
430025 
430026 
430027 
430028 
430029 
431100 
431101 
431102 
431103 
431104 
431105 
431106 
431107 
431108 
431109 
431110 
431111 
431112 
431113 
431114 
431115 
431116 
431117 
431118 
431119 
431120 
431121 
431122 
431123 
431124 
431125 
431126 
431127 
431128 
431129 
431200 
431201 
431202 
431203 
431204 
431205 
431206 
431207 
431208 
431209 
431210 
431211 
431212 
431213 
431214 
431215 
431216 
431217 
431218 
431219 
431220 
431221 
431222 
431223 
431224 
431225 
431226 
431227 
431228 
431229 
431300 
431301 
431302 
431303 
431304 
431305 
431306 
431307 
431308 
431309 
431310 
431311 
431312 
431313 
431314 
431315 
431316 
431317 
431318 
431319 
431320 
431321 
431322 
431323 
431324 
431325 
431326 
431327 
431328 
431329 
431400 
431401 
431402 
431403 
431404 
431405 
431406 
431407 
431408 
431409 
431410 
431411 
431412 
431413 
431414 
431415 
431416 
431417 
431418 
431419 
431420 
431421 
431422 
431423 
431424 
431425 
431426 
431427 
431428 
431429 
431500 
431501 
431502 
431503 
431504 
431505 
431506 
431507 
431508 
431509 
431510 
431511 
431512 
431513 
431514 
431515 
431516 
431517 
431518 
431519 
431520 
431521 
431522 
431523 
431524 
431525 
431526 
431527 
431528 
431529 
431600 
431601 
431602 
431603 
431604 
431605 
431606 
431607 
431608 
431609 
431610 
431611 
431612 
431613 
431614 
431615 
431616 
431617 
431618 
431619 
431620 
431621 
431622 
431623 
431624 
431625 
431626 
431627 
431628 
431629 
435100 
435101 
435102 
435103 
435104 
435105 
435106 
435107 
435108 
435109 
435110 
435111 
435112 
435113 
435114 
435115 
435116 
435117 
435118 
435119 
435120 
435121 
435122 
435123 
435124 
435125 
435126 
435127 
435128 
435129 
435200 
435201 
435202 
435203 
435204 
435205 
435206 
435207 
435208 
435209 
435210 
435211 
435212 
435213 
435214 
435215 
435216 
435217 
435218 
435219 
435220 
435221 
435222 
435223 
435224 
435225 
435226 
435227 
435228 
435229 
435300 
435301 
435302 
435303 
435304 
435305 
435306 
435307 
435308 
435309 
435310 
435311 
435312 
435313 
435314 
435315 
435316 
435317 
435318 
435319 
435320 
435321 
435322 
435323 
435324 
435325 
435326 
435327 
435328 
435329 
435400 
435401 
435402 
435403 
435404 
435405 
435406 
435407 
435408 
435409 
435410 
435411 
435412 
435413 
435414 
435415 
435416 
435417 
435418 
435419 
435420 
435421 
435422 
435423 
435424 
435425 
435426 
435427 
435428 
435429 
435500 
435501 
435502 
435503 
435504 
435505 
435506 
435507 
435508 
435509 
435510 
435511 
435512 
435513 
435514 
435515 
435516 
435517 
435518 
435519 
435520 
435521 
435522 
435523 
435524 
435525 
435526 
435527 
435528 
435529 
435600 
435601 
435602 
435603 
435604 
435605 
435606 
435607 
435608 
435609 
435610 
435611 
435612 
435613 
435614 
435615 
435616 
435617 
435618 
435619 
435620 
435621 
435622 
435623 
435624 
435625 
435626 
435627 
435628 
435629 
435800 
435801 
435802 
435803 
435804 
435805 
435806 
435807 
435808 
435809 
435810 
435811 
435812 
435813 
435814 
435815 
435816 
435817 
435818 
435819 
435820 
435821 
435822 
435823 
435824 
435825 
435826 
435827 
435828 
435829 
437100 
437101 
437102 
437103 
437104 
437105 
437106 
437107 
437108 
437109 
437110 
437111 
437112 
437113 
437114 
437115 
437116 
437117 
437118 
437119 
437120 
437121 
437122 
437123 
437124 
437125 
437126 
437127 
437128 
437129 
437200 
437201 
437202 
437203 
437204 
437205 
437206 
437207 
437208 
437209 
437210 
437211 
437212 
437213 
437214 
437215 
437216 
437217 
437218 
437219 
437220 
437221 
437222 
437223 
437224 
437225 
437226 
437227 
437228 
437229 
437300 
437301 
437302 
437303 
437304 
437305 
437306 
437307 
437308 
437309 
437310 
437311 
437312 
437313 
437314 
437315 
437316 
437317 
437318 
437319 
437320 
437321 
437322 
437323 
437324 
437325 
437326 
437327 
437328 
437329 
437400 
437401 
437402 
437403 
437404 
437405 
437406 
437407 
437408 
437409 
437410 
437411 
437412 
437413 
437414 
437415 
437416 
437417 
437418 
437419 
437420 
437421 
437422 
437423 
437424 
437425 
437426 
437427 
437428 
437429 
437500 
437501 
437502 
437503 
437504 
437505 
437506 
437507 
437508 
437509 
437510 
437511 
437512 
437513 
437514 
437515 
437516 
437517 
437518 
437519 
437520 
437521 
437522 
437523 
437524 
437525 
437526 
437527 
437528 
437529 
437600 
437601 
437602 
437603 
437604 
437605 
437606 
437607 
437608 
437609 
437610 
437611 
437612 
437613 
437614 
437615 
437616 
437617 
437618 
437619 
437620 
437621 
437622 
437623 
437624 
437625 
437626 
437627 
437628 
437629 
437700 
437701 
437702 
437703 
437704 
437705 
437706 
437707 
437708 
437709 
437710 
437711 
437712 
437713 
437714 
437715 
437716 
437717 
437718 
437719 
437720 
437721 
437722 
437723 
437724 
437725 
437726 
437727 
437728 
437729 
438000 
438001 
438002 
438003 
438004 
438005 
438006 
438007 
438008 
438009 
438010 
438011 
438012 
438013 
438014 
438015 
438016 
438017 
438018 
438019 
438020 
438021 
438022 
438023 
438024 
438025 
438026 
438027 
438028 
438029 
438100 
438101 
438102 
438103 
438104 
438105 
438106 
438107 
438108 
438109 
438110 
438111 
438112 
438113 
438114 
438115 
438116 
438117 
438118 
438119 
438120 
438121 
438122 
438123 
438124 
438125 
438126 
438127 
438128 
438129 
438200 
438201 
438202 
438203 
438204 
438205 
438206 
438207 
438208 
438209 
438210 
438211 
438212 
438213 
438214 
438215 
438216 
438217 
438218 
438219 
438220 
438221 
438222 
438223 
438224 
438225 
438226 
438227 
438228 
438229 
438300 
438301 
438302 
438303 
438304 
438305 
438306 
438307 
438308 
438309 
438310 
438311 
438312 
438313 
438314 
438315 
438316 
438317 
438318 
438319 
438320 
438321 
438322 
438323 
438324 
438325 
438326 
438327 
438328 
438329 
438400 
438401 
438402 
438403 
438404 
438405 
438406 
438407 
438408 
438409 
438410 
438411 
438412 
438413 
438414 
438415 
438416 
438417 
438418 
438419 
438420 
438421 
438422 
438423 
438424 
438425 
438426 
438427 
438428 
438429 
438500 
438501 
438502 
438503 
438504 
438505 
438506 
438507 
438508 
438509 
438510 
438511 
438512 
438513 
438514 
438515 
438516 
438517 
438518 
438519 
438520 
438521 
438522 
438523 
438524 
438525 
438526 
438527 
438528 
438529 
551000 
551001 
551002 
551003 
551004 
551005 
551006 
551007 
551008 
551009 
551010 
551011 
551012 
551013 
551014 
551015 
551016 
551017 
551018 
551019 
551020 
551021 
551022 
551023 
551024 
551025 
551026 
551027 
551028 
551029 
551100 
551101 
551102 
551103 
551104 
551105 
551106 
551107 
551108 
551109 
551110 
551111 
551112 
551113 
551114 
551115 
551116 
551117 
551118 
551119 
551120 
551121 
551122 
551123 
551124 
551125 
551126 
551127 
551128 
551129 
551200 
551201 
551202 
551203 
551204 
551205 
551206 
551207 
551208 
551209 
551210 
551211 
551212 
551213 
551214 
551215 
551216 
551217 
551218 
551219 
551220 
551221 
551222 
551223 
551224 
551225 
551226 
551227 
551228 
551229 
551300 
551301 
551302 
551303 
551304 
551305 
551306 
551307 
551308 
551309 
551310 
551311 
551312 
551313 
551314 
551315 
551316 
551317 
551318 
551319 
551320 
551321 
551322 
551323 
551324 
551325 
551326 
551327 
551328 
551329 
565100 
565101 
565102 
565103 
565104 
565105 
565106 
565107 
565108 
565109 
565110 
565111 
565112 
565113 
565114 
565115 
565116 
565117 
565118 
565119 
565120 
565121 
565122 
565123 
565124 
565125 
565126 
565127 
565128 
565129 
570000 
570001 
570002 
570003 
570004 
570005 
570006 
570007 
570008 
570009 
570010 
570011 
570012 
570013 
570014 
570015 
570016 
570017 
570018 
570019 
570020 
570021 
570022 
570023 
570024 
570025 
570026 
570027 
570028 
570029 
570100 
570101 
570102 
570103 
570104 
570105 
570106 
570107 
570108 
570109 
570110 
570111 
570112 
570113 
570114 
570115 
570116 
570117 
570118 
570119 
570120 
570121 
570122 
570123 
570124 
570125 
570126 
570127 
570128 
570129 
583000 
583001 
583002 
583003 
583004 
583005 
583006 
583007 
583008 
583009 
583010 
583011 
583012 
583013 
583014 
583015 
583016 
583017 
583018 
583019 
583020 
583021 
583022 
583023 
583024 
583025 
583026 
583027 
583028 
583029 
584000 
584001 
584002 
584003 
584004 
584005 
584006 
584007 
584008 
584009 
584010 
584011 
584012 
584013 
584014 
584015 
584016 
584017 
584018 
584019 
584020 
584021 
584022 
584023 
584024 
584025 
584026 
584027 
584028 
584029 
623000 
623001 
623002 
623003 
623004 
623005 
623006 
623007 
623008 
623009 
623010 
623011 
623012 
623013 
623014 
623015 
623016 
623017 
623018 
623019 
623020 
623021 
623022 
623023 
623024 
623025 
623026 
623027 
623028 
623029 
623100 
623101 
623102 
623103 
623104 
623105 
623106 
623107 
623108 
623109 
623110 
623111 
623112 
623113 
623114 
623115 
623116 
623117 
623118 
623119 
623120 
623121 
623122 
623123 
623124 
623125 
623126 
623127 
623128 
623129 
623200 
623201 
623202 
623203 
623204 
623205 
623206 
623207 
623208 
623209 
623210 
623211 
623212 
623213 
623214 
623215 
623216 
623217 
623218 
623219 
623220 
623221 
623222 
623223 
623224 
623225 
623226 
623227 
623228 
623229 
623300 
623301 
623302 
623303 
623304 
623305 
623306 
623307 
623308 
623309 
623310 
623311 
623312 
623313 
623314 
623315 
623316 
623317 
623318 
623319 
623320 
623321 
623322 
623323 
623324 
623325 
623326 
623327 
623328 
623329 
629000 
629001 
629002 
629003 
629004 
629005 
629006 
629007 
629008 
629009 
629010 
629011 
629012 
629013 
629014 
629015 
629016 
629017 
629018 
629019 
629020 
629021 
629022 
629023 
629024 
629025 
629026 
629027 
629028 
629029 
629030 
629031 
629100 
629101 
629102 
629103 
629104 
629105 
629106 
629107 
629108 
629109 
629110 
629111 
629112 
629113 
629114 
629115 
629116 
629117 
629118 
629119 
629120 
629121 
629122 
629123 
629124 
629125 
629126 
629127 
629128 
629129 
629130 
629131 
632000 
632001 
632002 
632003 
632004 
632005 
632006 
632007 
632008 
632009 
632010 
632011 
632012 
632013 
632014 
632015 
632016 
632017 
632018 
632019 
632020 
632021 
632022 
632023 
632024 
632025 
632026 
632027 
632028 
632029 
999901 
