1000100 
1000101 
1000110 
1000111 
1000120 
1000121 
1000130 
1000131 
1000140 
1000141 
1000150 
1000151 
1000152 
1000160 
1000199 
1000200 
1000201 
1000210 
1000211 
1000220 
1000221 
1000230 
1000231 
1000240 
1000241 
1000250 
1000251 
1000252 
1000260 
1000299 
1098100 
1098101 
1098110 
1098111 
1098120 
1098121 
1098130 
1098131 
1098140 
1098141 
1098150 
1098151 
1098152 
1098160 
1098199 
1100100 
1100101 
1100110 
1100111 
1100120 
1100121 
1100130 
1100131 
1100140 
1100141 
1100150 
1100151 
1100152 
1100160 
1100199 
1105200 
1105201 
1105210 
1105211 
1105220 
1105221 
1105230 
1105231 
1105240 
1105241 
1105250 
1105251 
1105252 
1105260 
1105299 
1110100 
1110101 
1110110 
1110111 
1110120 
1110121 
1110130 
1110131 
1110140 
1110141 
1110150 
1110151 
1110152 
1110160 
1110199 
1110200 
1110201 
1110210 
1110211 
1110220 
1110221 
1110230 
1110231 
1110240 
1110241 
1110250 
1110251 
1110252 
1110260 
1110299 
1171100 
1171101 
1171110 
1171111 
1171120 
1171121 
1171130 
1171131 
1171140 
1171141 
1171150 
1171151 
1171152 
1171160 
1171199 
1171200 
1171201 
1171210 
1171211 
1171220 
1171221 
1171230 
1171231 
1171240 
1171241 
1171250 
1171251 
1171252 
1171260 
1171299 
1203100 
1203101 
1203110 
1203111 
1203120 
1203121 
1203130 
1203131 
1203140 
1203141 
1203150 
1203151 
1203152 
1203160 
1203199 
1203200 
1203201 
1203210 
1203211 
1203220 
1203221 
1203230 
1203231 
1203240 
1203241 
1203250 
1203251 
1203252 
1203260 
1203299 
1300100 
1300101 
1300110 
1300111 
1300120 
1300121 
1300130 
1300131 
1300140 
1300141 
1300150 
1300151 
1300152 
1300160 
1300199 
1300200 
1300201 
1300210 
1300211 
1300220 
1300221 
1300230 
1300231 
1300240 
1300241 
1300250 
1300251 
1300252 
1300260 
1300299 
1400100 
1400101 
1400110 
1400111 
1400120 
1400121 
1400130 
1400131 
1400140 
1400141 
1400150 
1400151 
1400152 
1400160 
1400199 
1400200 
1400201 
1400210 
1400211 
1400220 
1400221 
1400230 
1400231 
1400240 
1400241 
1400250 
1400251 
1400252 
1400260 
1400299 
1500100 
1500101 
1500110 
1500111 
1500120 
1500121 
1500130 
1500131 
1500140 
1500141 
1500150 
1500151 
1500152 
1500160 
1500199 
1500200 
1500201 
1500210 
1500211 
1500220 
1500221 
1500230 
1500231 
1500240 
1500241 
1500250 
1500251 
1500252 
1500260 
1500299 
1600100 
1600101 
1600110 
1600111 
1600120 
1600121 
1600130 
1600131 
1600140 
1600141 
1600150 
1600151 
1600152 
1600160 
1600199 
1600200 
1600201 
1600210 
1600211 
1600220 
1600221 
1600230 
1600231 
1600240 
1600241 
1600250 
1600251 
1600252 
1600260 
1600299 
2000100 
2000101 
2000110 
2000111 
2000120 
2000121 
2000130 
2000131 
2000140 
2000141 
2000150 
2000151 
2000152 
2000160 
2000182 
2000199 
2001100 
2001101 
2001110 
2001111 
2001120 
2001121 
2001130 
2001131 
2001140 
2001141 
2001150 
2001151 
2001152 
2001160 
2001199 
2100100 
2100101 
2100110 
2100111 
2100120 
2100121 
2100130 
2100131 
2100140 
2100141 
2100150 
2100151 
2100152 
2100160 
2100185 
2100199 
2101100 
2101101 
2101110 
2101111 
2101120 
2101121 
2101130 
2101131 
2101140 
2101141 
2101150 
2101151 
2101152 
2101160 
2101185 
2101199 
2102100 
2102101 
2102110 
2102111 
2102120 
2102121 
2102130 
2102131 
2102140 
2102141 
2102150 
2102151 
2102152 
2102160 
2102185 
2102199 
2800100 
2800101 
2800110 
2800111 
2800120 
2800121 
2800130 
2800131 
2800140 
2800141 
2800150 
2800151 
2800152 
2800160 
2800199 
3410100 
3410101 
3410110 
3410111 
3410120 
3410121 
3410130 
3410131 
3410140 
3410141 
3410150 
3410151 
3410152 
3410160 
3410199 
3410200 
3410201 
3410210 
3410211 
3410220 
3410221 
3410230 
3410231 
3410240 
3410241 
3410250 
3410251 
3410252 
3410260 
3410299 
3411100 
3411101 
3411110 
3411111 
3411120 
3411121 
3411130 
3411131 
3411140 
3411141 
3411150 
3411151 
3411152 
3411160 
3411199 
3411200 
3411201 
3411210 
3411211 
3411220 
3411221 
3411230 
3411231 
3411240 
3411241 
3411250 
3411251 
3411252 
3411260 
3411299 
3412100 
3412101 
3412110 
3412111 
3412120 
3412121 
3412130 
3412131 
3412140 
3412141 
3412150 
3412151 
3412152 
3412160 
3412199 
3412200 
3412201 
3412210 
3412211 
3412220 
3412221 
3412230 
3412231 
3412240 
3412241 
3412250 
3412251 
3412252 
3412260 
3412299 
3413100 
3413101 
3413110 
3413111 
3413120 
3413121 
3413130 
3413131 
3413140 
3413141 
3413150 
3413151 
3413152 
3413160 
3413199 
3413200 
3413201 
3413210 
3413211 
3413220 
3413221 
3413230 
3413231 
3413240 
3413241 
3413250 
3413251 
3413252 
3413260 
3413299 
3414100 
3414101 
3414110 
3414111 
3414120 
3414121 
3414130 
3414131 
3414140 
3414141 
3414150 
3414151 
3414152 
3414160 
3414199 
3414200 
3414201 
3414210 
3414211 
3414220 
3414221 
3414230 
3414231 
3414240 
3414241 
3414250 
3414251 
3414252 
3414260 
3414299 
3415100 
3415101 
3415110 
3415111 
3415120 
3415121 
3415130 
3415131 
3415140 
3415141 
3415150 
3415151 
3415152 
3415160 
3415199 
3415200 
3415201 
3415210 
3415211 
3415220 
3415221 
3415230 
3415231 
3415240 
3415241 
3415250 
3415251 
3415252 
3415260 
3415299 
3920100 
3920101 
3920110 
3920111 
3920120 
3920121 
3920130 
3920131 
3920140 
3920141 
3920150 
3920151 
3920152 
3920160 
3920199 
3920200 
3920201 
3920210 
3920211 
3920220 
3920221 
3920230 
3920231 
3920240 
3920241 
3920250 
3920251 
3920252 
3920260 
3920299 
6098100 
6098101 
6098110 
6098111 
6098120 
6098121 
6098130 
6098131 
6098140 
6098141 
6098150 
6098151 
6098152 
6098160 
6098199 
60001000 
60001001 
60001002 
60001003 
60001004 
60001010 
60001011 
60001012 
60001013 
60001014 
60001100 
60001101 
60001102 
60001103 
60001104 
60001110 
60001111 
60001112 
60001113 
60001114 
60001200 
60001201 
60001202 
60001203 
60001204 
60001210 
60001211 
60001212 
60001213 
60001214 
60001300 
60001301 
60001302 
60001303 
60001304 
60001310 
60001311 
60001312 
60001313 
60001314 
60001400 
60001401 
60001402 
60001403 
60001404 
60001410 
60001411 
60001412 
60001413 
60001414 
60001500 
60001501 
60001502 
60001503 
60001504 
60001510 
60001511 
60001512 
60001513 
60001514 
60001520 
60001521 
60001522 
60001523 
60001524 
60001600 
60001601 
60001602 
60001603 
60001604 
60001814 
60001820 
60001821 
60001822 
60001823 
60001831 
60001990 
60001991 
60001992 
60001993 
60001994 
60002000 
60002001 
60002002 
60002003 
60002004 
60002010 
60002011 
60002012 
60002013 
60002014 
60002100 
60002101 
60002102 
60002103 
60002104 
60002110 
60002111 
60002112 
60002113 
60002114 
60002200 
60002201 
60002202 
60002203 
60002204 
60002210 
60002211 
60002212 
60002213 
60002214 
60002300 
60002301 
60002302 
60002303 
60002304 
60002310 
60002311 
60002312 
60002313 
60002314 
60002400 
60002401 
60002402 
60002403 
60002404 
60002410 
60002411 
60002412 
60002413 
60002414 
60002500 
60002501 
60002502 
60002503 
60002504 
60002510 
60002511 
60002512 
60002513 
60002514 
60002520 
60002521 
60002522 
60002523 
60002524 
60002600 
60002601 
60002602 
60002603 
60002604 
60002814 
60002820 
60002821 
60002822 
60002823 
60002831 
60002990 
60002991 
60002993 
60002994 
61002992 
600010021 
600010031 
600010041 
600010042 
600010121 
600010131 
600010141 
600010142 
600011021 
600011031 
600011041 
600011042 
600011121 
600011131 
600011141 
600011142 
600012021 
600012031 
600012041 
600012042 
600012121 
600012131 
600012141 
600012142 
600013021 
600013031 
600013041 
600013042 
600013121 
600013131 
600013141 
600013142 
600014021 
600014031 
600014041 
600014042 
600014121 
600014131 
600014141 
600014142 
600015021 
600015031 
600015041 
600015042 
600015121 
600015131 
600015141 
600015142 
600015221 
600015231 
600015241 
600015242 
600016021 
600016031 
600016041 
600016042 
600018141 
600019921 
600019931 
600019941 
600019942 
600020021 
600020031 
600020041 
600020042 
600020121 
600020131 
600020141 
600020142 
600021021 
600021031 
600021041 
600021042 
600021121 
600021131 
600021141 
600021142 
600022021 
600022031 
600022041 
600022042 
600022121 
600022131 
600022141 
600022142 
600023021 
600023031 
600023041 
600023042 
600023121 
600023131 
600023141 
600023142 
600024021 
600024031 
600024041 
600024042 
600024121 
600024131 
600024141 
600024142 
600025021 
600025031 
600025041 
600025042 
600025121 
600025131 
600025141 
600025142 
600025221 
600025231 
600025241 
600025242 
600026021 
600026031 
600026041 
600026042 
600028141 
600029921 
600029931 
600029941 
600029942 
610010050 
610010055 
610010060 
610010065 
610010070 
610010075 
610010078 
610010150 
610010155 
610010160 
610010165 
610010170 
610010175 
610010178 
610011050 
610011055 
610011060 
610011065 
610011070 
610011075 
610011078 
610011150 
610011155 
610011160 
610011165 
610011170 
610011175 
610011178 
610012050 
610012055 
610012060 
610012065 
610012070 
610012075 
610012078 
610012150 
610012155 
610012160 
610012165 
610012170 
610012175 
610012178 
610013050 
610013055 
610013060 
610013065 
610013070 
610013075 
610013078 
610013150 
610013155 
610013160 
610013165 
610013170 
610013175 
610013178 
610014050 
610014055 
610014060 
610014065 
610014070 
610014075 
610014078 
610014150 
610014155 
610014160 
610014165 
610014170 
610014175 
610014178 
610015050 
610015055 
610015060 
610015065 
610015070 
610015075 
610015078 
610015150 
610015155 
610015160 
610015165 
610015170 
610015175 
610015178 
610015250 
610015255 
610015260 
610015265 
610015270 
610015275 
610015278 
610016050 
610016055 
610016060 
610016065 
610016070 
610016075 
610016078 
610018250 
610018255 
610018260 
610018265 
610018270 
610018275 
610018278 
610018450 
610018460 
610018470 
610018478 
610018550 
610018575 
610018578 
610019950 
610019955 
610019960 
610019965 
610019970 
610019975 
610019978 
