21010000 
21020000 
30000000 
30010000 
30020000 
30030000 
30040000 
30050000 
30060000 
30070000 
30080000 
30090000 
30100000 
30110000 
30120000 
30130000 
30140000 
30150000 
30160000 
30170000 
30180000 
30190000 
30200000 
31000000 
31010000 
31020000 
31030000 
31040000 
31050000 
31060000 
31070000 
31080000 
31090000 
31100000 
31110000 
31120000 
31130000 
31140000 
31150000 
31160000 
31170000 
31180000 
31190000 
31200000 
31210000 
31220000 
32000000 
32010000 
32020000 
32030000 
32040000 
32050000 
32070000 
32080000 
32090000 
32100000 
32110000 
32120000 
40010000 
40020000 
41010000 
41020000 
41030000 
42010000 
42020000 
42030000 
42040000 
43010000 
99990001 
99990002 
