0 
10 
20 
30 
40 
50 
60 
70 
80 
90 
100 
101 
102 
103 
104 
110 
111 
112 
113 
114 
120 
130 
140 
150 
151 
152 
153 
154 
160 
170 
180 
190 
200 
201 
202 
203 
204 
210 
211 
212 
213 
214 
220 
221 
222 
223 
224 
230 
231 
232 
233 
234 
240 
241 
242 
243 
244 
250 
260 
261 
262 
263 
264 
270 
271 
272 
273 
274 
280 
281 
282 
283 
284 
290 
291 
292 
293 
294 
300 
310 
311 
312 
313 
314 
320 
330 
331 
332 
333 
334 
340 
341 
342 
343 
344 
350 
360 
370 
380 
381 
382 
383 
384 
390 
391 
392 
393 
394 
400 
401 
402 
403 
404 
410 
420 
421 
422 
423 
424 
430 
440 
441 
442 
443 
444 
450 
451 
452 
453 
454 
460 
470 
471 
472 
473 
474 
480 
481 
482 
483 
484 
490 
491 
492 
493 
494 
500 
501 
502 
503 
504 
510 
511 
512 
513 
514 
520 
521 
522 
523 
524 
530 
531 
532 
533 
534 
540 
541 
542 
543 
544 
550 
551 
552 
553 
554 
560 
570 
571 
572 
573 
574 
580 
581 
582 
583 
584 
590 
591 
592 
593 
594 
600 
