0 
1 
1000 
1001 
1010 
1011 
1020 
1021 
1022 
1040 
1041 
1050 
1099 
2031 
2110 
2120 
2121 
2122 
2130 
2200 
2201 
3010 
3015 
3050 
3180 
3181 
3204 
3210 
3250 
3251 
3252 
3460 
3470 
3560 
3570 
3600 
3620 
3630 
3664 
3670 
3704 
3810 
3910 
3950 
4020 
4060 
4120 
4130 
4190 
4191 
4192 
4220 
4240 
4241 
4260 
4280 
4320 
4360 
4381 
4385 
4410 
4430 
4441 
4460 
4470 
4490 
4500 
4501 
4504 
4505 
4510 
4511 
4512 
4513 
4514 
4515 
4516 
4517 
4518 
4520 
4521 
4525 
4550 
4560 
4570 
4580 
4581 
4600 
4620 
4640 
4641 
4650 
4651 
4660 
4670 
4680 
4681 
4690 
4710 
4711 
4712 
4713 
4714 
4720 
4721 
4722 
4723 
4724 
4725 
4730 
4750 
4751 
4760 
4761 
4770 
4775 
4800 
4810 
4811 
4820 
4910 
4950 
4960 
4980 
5000 
5001 
5010 
5020 
5021 
5022 
5030 
5050 
5090 
5120 
5121 
5122 
5123 
5125 
5126 
5130 
5131 
5142 
5143 
5200 
5210 
5211 
5212 
5220 
5221 
5230 
5231 
5232 
5240 
5241 
5560 
5800 
5860 
5861 
6031 
7100 
600000 
600001 
600002 
1000000 
1001000 
1001001 
