100 
1000 
1001 
1002 
1003 
1004 
1005 
1006 
1007 
1008 
1009 
1010 
1011 
1012 
1013 
1014 
1015 
1020 
1021 
1022 
1023 
1024 
1025 
1050 
2000 
2001 
2002 
2003 
2004 
2005 
2006 
2007 
2008 
2009 
2010 
2011 
2012 
2013 
2014 
2015 
2016 
2017 
2018 
2019 
2020 
2021 
2030 
2031 
2032 
2033 
2034 
2035 
10000 
10001 
10010 
10100 
10101 
10200 
10201 
10202 
10203 
10210 
10211 
10212 
10300 
10301 
10400 
20000 
20001 
20002 
20003 
20004 
20005 
20006 
20007 
20008 
20009 
20010 
20011 
20012 
20013 
20014 
20015 
20016 
20017 
20018 
20100 
20101 
20102 
20103 
20104 
20105 
20106 
20107 
20108 
20109 
20110 
20111 
20112 
20113 
20114 
20115 
20116 
20117 
20118 
20119 
20120 
20121 
20122 
20123 
20124 
20125 
20126 
20127 
20128 
20129 
20130 
20131 
20132 
20133 
20134 
20135 
20136 
20137 
20138 
20139 
20140 
20141 
20142 
20143 
20144 
20145 
20146 
20147 
20148 
20149 
20150 
20200 
20201 
20202 
20203 
20204 
20205 
20206 
20207 
20208 
20209 
20210 
20211 
20212 
20213 
20214 
20215 
20216 
20217 
20218 
20219 
20220 
20221 
20222 
20223 
20224 
20225 
20226 
20227 
20228 
20229 
20230 
20300 
20301 
20302 
20303 
20304 
20400 
20402 
20403 
20404 
20500 
20501 
20502 
20503 
20504 
20600 
20601 
20602 
20603 
20604 
20700 
20701 
20800 
20801 
20900 
20905 
20906 
20907 
20908 
20909 
21000 
21001 
21100 
21101 
21102 
21103 
21104 
21200 
21201 
21202 
21203 
21204 
21300 
21301 
21302 
21303 
21400 
21401 
21500 
21501 
21600 
21601 
21602 
21603 
21700 
21701 
21702 
21703 
21800 
21900 
21901 
21902 
22000 
22100 
22101 
22102 
22103 
22104 
22105 
22106 
22107 
22108 
22109 
22110 
22111 
22112 
22113 
22200 
22300 
22301 
22302 
22303 
22400 
22401 
22500 
22501 
22502 
22503 
22504 
22600 
22601 
22602 
22603 
22604 
22700 
22701 
22702 
22703 
22704 
22705 
22706 
22707 
22800 
22900 
22901 
22902 
22903 
23000 
23001 
23002 
23003 
23100 
23101 
23102 
23103 
23200 
23201 
23202 
23203 
23204 
23300 
23301 
23302 
23400 
23401 
23500 
23501 
23600 
23601 
23700 
23701 
30000 
100000 
120000 
190000 
190001 
410000 
600000 
600001 
610000 
610001 
610002 
610100 
610101 
700000 
700100 
700110 
700120 
700130 
700140 
700150 
700200 
700210 
800000 
800001 
800002 
800003 
800004 
800005 
800006 
800007 
800010 
800011 
800012 
800013 
800014 
800015 
800016 
800017 
800020 
800021 
800022 
800023 
800024 
800025 
800026 
800027 
800028 
800029 
800030 
800031 
800032 
800033 
800034 
800035 
800040 
800041 
800042 
800043 
800050 
900000 
900001 
900002 
